season,week,player_id,name,pos,pts,pts_above_avg,pts_above_repl,WAA_week,WAR_week,week_sigma,startable,pts_above_waiver,VoWP_week
2013,1,00-0028112,Charles Clay,TE,12.9,-8.42,0.7,-0.0821,0.0069,28.7,1,,
2013,1,00-0020531,Drew Brees,QB,20.48,-0.27,7.68,-0.0026,0.075,28.7,1,,
2013,1,00-0027029,LeSean McCoy,RB,25.9,8.55,16.2,0.0834,0.1551,28.7,1,,
2013,1,00-0026796,Arian Foster,RB,15.0,-2.35,5.3,-0.023,0.0519,28.7,1,,
2013,1,00-0019596,Thomas Brady,QB,15.12,-5.63,2.32,-0.0551,0.0228,28.7,1,,
2013,1,00-0026201,Martellus Bennett,TE,15.4,-5.92,3.2,-0.0579,0.0314,28.7,1,,
2013,1,00-0026937,Brandon Gibson,WR,14.7,-5.67,2.5,-0.0555,0.0245,28.7,1,,
2013,1,00-0022811,Jerricho Cotchery,WR,13.4,-6.97,1.2,-0.0681,0.0118,28.7,1,,
2013,1,00-0030400,Marlon Brown,WR,16.5,-3.87,4.3,-0.0379,0.0422,28.7,1,,
2013,1,00-0027939,Cameron Newton,QB,12.8,-7.95,0.0,-0.0776,0.0,28.7,0,,
2013,1,00-0029675,Trenton Richardson,RB,9.7,-7.65,0.0,-0.0747,0.0,28.7,0,,
2013,1,00-0030431,Robert Woods,WR,8.8,-11.57,-3.4,-0.1121,-0.0334,28.7,0,,
2013,1,00-0022943,Benjamin Watson,TE,7.6,-13.72,-4.6,-0.1323,-0.0451,28.7,0,,
2013,1,00-0028052,Cecil Shorts,WR,7.0,-13.37,-5.2,-0.129,-0.051,28.7,0,,
2013,1,00-0022414,Malcom Floyd,WR,5.7,-14.67,-6.5,-0.141,-0.0636,28.7,0,,
2013,1,00-0029608,Eugene Hilton,WR,5.0,-15.37,-7.2,-0.1475,-0.0704,28.7,0,,
2013,1,00-0029632,Mohamed Sanu,WR,3.9,-16.47,-8.3,-0.1575,-0.081,28.7,0,,
2013,1,00-0028043,Roy Helu,RB,2.6,-14.75,-7.1,-0.1418,-0.0694,28.7,0,,
2013,1,00-0030522,Montee Ball,RB,2.4,-14.95,-7.3,-0.1436,-0.0713,28.7,0,,
2013,1,00-0027725,Clayton Harbor,TE,2.0,-19.32,-10.2,-0.1829,-0.0992,28.7,0,,
2013,1,00-0027346,Alfonso Smith,RB,1.6,-15.75,-8.1,-0.1509,-0.0791,28.7,0,,
2013,1,00-0030536,Zachary Stacy,RB,0.4,-16.95,-9.3,-0.1618,-0.0906,28.7,0,,
2013,1,00-0026262,Tashard Choice,RB,0.0,-17.35,-9.7,-0.1654,-0.0944,28.7,0,,
2013,1,00-0029151,Matthew Simms,QB,0.0,-20.75,-12.8,-0.1953,-0.1237,28.7,0,,
2013,1,00-0024332,Leon Washington,RB,0.0,-17.35,-9.7,-0.1654,-0.0944,28.7,0,,
2013,1,00-0030586,Ryan Nassib,QB,0.0,-20.75,-12.8,-0.1953,-0.1237,28.7,0,,
2013,1,00-0028156,Ryan Taylor,TE,0.0,-21.32,-12.2,-0.2002,-0.1181,28.7,0,,
2013,1,00-0030292,Brad Sorensen,QB,0.0,-20.75,-12.8,-0.1953,-0.1237,28.7,0,,
2013,1,00-0025465,James Jones,WR,0.0,-20.37,-12.2,-0.192,-0.1181,28.7,0,,
2013,1,00-0023968,Micheal Spurlock,WR,0.0,-20.37,-12.2,-0.192,-0.1181,28.7,0,,
2013,1,00-0030216,Joshua Hill,TE,0.0,-21.32,-12.2,-0.2002,-0.1181,28.7,0,,
2013,1,00-0028093,Niles Paul,TE,0.0,-21.32,-12.2,-0.2002,-0.1181,28.7,0,,
2013,1,00-0028116,Aldrick Robinson,WR,0.0,-20.37,-12.2,-0.192,-0.1181,28.7,0,,
2013,1,00-0027583,Richard Brockel,TE,0.0,-21.32,-12.2,-0.2002,-0.1181,28.7,0,,
2013,1,00-0030282,Stepfan Taylor,RB,0.0,-17.35,-9.7,-0.1654,-0.0944,28.7,0,,
2013,1,00-0030388,Joseph Randle,RB,0.0,-17.35,-9.7,-0.1654,-0.0944,28.7,0,,
2013,1,00-0030496,Le'Veon Bell,RB,0.0,-17.35,-9.7,-0.1654,-0.0944,28.7,0,,
2013,1,00-0030151,Tyler Bray,QB,0.0,-20.75,-12.8,-0.1953,-0.1237,28.7,0,,
2013,1,00-0027718,Garrett Graham,TE,14.7,-6.62,2.5,-0.0647,0.0245,28.7,1,,
2013,1,00-0022803,Elisha Manning,QB,28.8,8.05,16.0,0.0786,0.1532,28.7,1,,
2013,1,00-0026213,Jamaal Charles,RB,19.0,1.65,9.3,0.0162,0.0906,28.7,1,,
2013,1,00-0024204,Fredrick Jackson,RB,13.8,-3.55,4.1,-0.0348,0.0402,28.7,1,,
2013,1,00-0024226,Jay Cutler,QB,17.28,-3.47,4.48,-0.034,0.0439,28.7,1,,
2013,1,00-0022165,Dallas Clark,TE,19.2,-2.12,7.0,-0.0208,0.0684,28.7,1,,
2013,1,00-0023496,Vincent Jackson,WR,22.4,2.03,10.2,0.02,0.0992,28.7,1,,
2013,1,00-0024466,Marques Colston,WR,17.8,-2.57,5.6,-0.0252,0.0549,28.7,1,,
2013,1,00-0027005,Hakeem Nicks,WR,16.4,-3.97,4.2,-0.0389,0.0412,28.7,1,,
2013,1,00-0030549,Tyler Eifert,TE,12.2,-9.12,0.0,-0.0888,0.0,28.7,0,,
2013,1,00-0026000,Davone Bess,WR,9.7,-10.67,-2.5,-0.1036,-0.0245,28.7,0,,
2013,1,00-0025425,Zachary Miller,TE,8.7,-12.62,-3.5,-0.122,-0.0343,28.7,0,,
2013,1,00-0024389,Hubert Walker,TE,7.5,-13.82,-4.7,-0.1332,-0.0461,28.7,0,,
2013,1,00-0026164,Christopher Johnson,RB,7.0,-10.35,-2.7,-0.1006,-0.0265,28.7,0,,
2013,1,00-0027981,Kyle Rudolph,TE,5.7,-15.62,-6.5,-0.1497,-0.0636,28.7,0,,
2013,1,00-0026956,LaRod Stephens-Howling,RB,5.0,-12.35,-4.7,-0.1195,-0.0461,28.7,0,,
2013,1,00-0024268,Anthony Fasano,TE,3.8,-17.52,-8.4,-0.1669,-0.082,28.7,0,,
2013,1,00-0028011,Stevan Ridley,RB,2.6,-14.75,-7.1,-0.1418,-0.0694,28.7,0,,
2013,1,00-0026281,Gary Barnidge,TE,2.4,-18.92,-9.8,-0.1794,-0.0954,28.7,0,,
2013,1,00-0030578,Cordarrelle Patterson,RB,2.0,-15.35,-7.7,-0.1473,-0.0752,28.7,0,,
2013,1,00-0025487,Michael Bush,RB,1.5,-15.85,-8.2,-0.1518,-0.08,28.7,0,,
2013,1,00-0027155,Rashad Jennings,RB,0.2,-17.15,-9.5,-0.1636,-0.0925,28.7,0,,
2013,1,00-0027681,Brandon LaFell,WR,0.0,-20.37,-12.2,-0.192,-0.1181,28.7,0,,
2013,1,00-0029667,Nicholas Toon,WR,0.0,-20.37,-12.2,-0.192,-0.1181,28.7,0,,
2013,1,00-0030512,Nicholas Kasa,TE,0.0,-21.32,-12.2,-0.2002,-0.1181,28.7,0,,
2013,1,00-0028903,Garrett Celek,TE,0.0,-21.32,-12.2,-0.2002,-0.1181,28.7,0,,
2013,1,00-0025951,Darius Reynaud,RB,0.0,-17.35,-9.7,-0.1654,-0.0944,28.7,0,,
2013,1,00-0027688,Daniel McCoy,QB,0.0,-20.75,-12.8,-0.1953,-0.1237,28.7,0,,
2013,1,00-0027215,James Paulsen,TE,0.0,-21.32,-12.2,-0.2002,-0.1181,28.7,0,,
2013,1,00-0030450,Quinton Patton,WR,0.0,-20.37,-12.2,-0.192,-0.1181,28.7,0,,
2013,1,00-0024243,Marcedes Lewis,TE,0.0,-21.32,-12.2,-0.2002,-0.1181,28.7,0,,
2013,1,00-0028021,Jerrel Jernigan,WR,0.0,-20.37,-12.2,-0.192,-0.1181,28.7,0,,
2013,1,00-0029033,Griffith Whalen,WR,0.0,-20.37,-12.2,-0.192,-0.1181,28.7,0,,
2013,1,00-0030414,Spencer Ware,RB,0.0,-17.35,-9.7,-0.1654,-0.0944,28.7,0,,
2013,1,00-0028307,Andrew Davis,WR,0.0,-20.37,-12.2,-0.192,-0.1181,28.7,0,,
2013,1,00-0030443,Levine Toilolo,TE,0.0,-21.32,-12.2,-0.2002,-0.1181,28.7,0,,
2013,1,00-0029239,Brandon Bolden,RB,0.0,-17.35,-9.7,-0.1654,-0.0944,28.7,0,,
2013,1,00-0022847,Benjamin Hartsock,TE,0.0,-21.32,-12.2,-0.2002,-0.1181,28.7,0,,
2013,1,00-0029129,Rod Streater,WR,12.9,-7.47,0.7,-0.0729,0.0069,28.7,1,,
2013,1,00-0020245,Michael Vick,QB,25.52,4.77,12.72,0.0468,0.123,28.7,1,,
2013,1,00-0026195,Raymell Rice,RB,21.1,3.75,11.4,0.0368,0.1106,28.7,1,,
2013,1,00-0022736,Steven Jackson,RB,17.2,-0.15,7.5,-0.0014,0.0733,28.7,1,,
2013,1,00-0029263,Russell Wilson,QB,15.5,-5.25,2.7,-0.0514,0.0265,28.7,1,,
2013,1,00-0024313,Owen Daniels,TE,26.2,4.88,14.0,0.0479,0.1349,28.7,1,,
2013,1,00-0020498,Reginald Wayne,WR,23.6,3.23,11.4,0.0317,0.1106,28.7,1,,
2013,1,00-0026176,Jordy Nelson,WR,26.0,5.63,13.8,0.0552,0.133,28.7,1,,
2013,1,00-0027874,Demaryius Thomas,WR,33.1,12.73,20.9,0.1231,0.1966,28.7,1,,
2013,1,00-0029638,Michael Floyd,WR,12.2,-8.17,0.0,-0.0797,0.0,28.7,0,,
2013,1,00-0029689,Dwayne Allen,TE,9.5,-11.82,-2.7,-0.1145,-0.0265,28.7,0,,
2013,1,00-0023367,Nathaniel Washington,WR,8.6,-11.77,-3.6,-0.114,-0.0353,28.7,0,,
2013,1,00-0015754,Brandon Stokley,WR,7.4,-12.97,-4.8,-0.1253,-0.0471,28.7,0,,
2013,1,00-0026373,Justin Forsett,RB,6.9,-10.45,-2.8,-0.1015,-0.0275,28.7,0,,
2013,1,00-0027445,Jeron Mastrud,TE,5.6,-15.72,-6.6,-0.1507,-0.0646,28.7,0,,
2013,1,00-0029614,Christopher Givens,WR,4.7,-15.67,-7.5,-0.1502,-0.0733,28.7,0,,
2013,1,00-0026019,Danny Woodhead,RB,3.6,-13.75,-6.1,-0.1325,-0.0597,28.7,0,,
2013,1,00-0029640,Brian Quick,WR,2.6,-17.77,-9.6,-0.1692,-0.0935,28.7,0,,
2013,1,00-0029155,William Brown,WR,2.4,-17.97,-9.8,-0.1709,-0.0954,28.7,0,,
2013,1,00-0029615,Lamar Miller,RB,2.0,-15.35,-7.7,-0.1473,-0.0752,28.7,0,,
2013,1,00-0027325,LeGarrette Blount,RB,1.5,-15.85,-8.2,-0.1518,-0.08,28.7,0,,
2013,1,00-0030547,Denard Robinson,RB,0.1,-17.25,-9.6,-0.1645,-0.0935,28.7,0,,
2013,1,00-0027089,Louis Murphy,WR,0.0,-20.37,-12.2,-0.192,-0.1181,28.7,0,,
2013,1,00-0029000,Cole Beasley,WR,0.0,-20.37,-12.2,-0.192,-0.1181,28.7,0,,
2013,1,00-0026931,McKenna Pascoe,TE,0.0,-21.32,-12.2,-0.2002,-0.1181,28.7,0,,
2013,1,00-0029682,Brock Osweiler,QB,0.0,-20.75,-12.8,-0.1953,-0.1237,28.7,0,,
2013,1,00-0029260,LaMichael James,RB,0.0,-17.35,-9.7,-0.1654,-0.0944,28.7,0,,
2013,1,00-0028838,Larry Donnell,TE,0.0,-21.32,-12.2,-0.2002,-0.1181,28.7,0,,
2013,1,00-0027692,Armanti Edwards,WR,0.0,-20.37,-12.2,-0.192,-0.1181,28.7,0,,
2013,1,00-0030524,Matthew Jones,QB,0.0,-20.75,-12.8,-0.1953,-0.1237,28.7,0,,
2013,1,00-0029051,Jarrett Boykin,WR,0.0,-20.37,-12.2,-0.192,-0.1181,28.7,0,,
2013,1,00-0028994,Dominique Jones,TE,0.0,-21.32,-12.2,-0.2002,-0.1181,28.7,0,,
2013,1,00-0027567,Steven Maneri,TE,0.0,-21.32,-12.2,-0.2002,-0.1181,28.7,0,,
2013,1,00-0029414,Orson Charles,TE,0.0,-21.32,-12.2,-0.2002,-0.1181,28.7,0,,
2013,1,00-0028073,Richard Stanzi,QB,0.0,-20.75,-12.8,-0.1953,-0.1237,28.7,0,,
2013,1,00-0029587,Rhett Ellison,TE,0.0,-21.32,-12.2,-0.2002,-0.1181,28.7,0,,
2013,1,00-0023645,Derek Anderson,QB,0.0,-20.75,-12.8,-0.1953,-0.1237,28.7,0,,
2013,1,00-0029415,Keshawn Martin,WR,0.0,-20.37,-12.2,-0.192,-0.1181,28.7,0,,
2013,1,00-0025418,Greg Olsen,TE,13.1,-8.22,0.9,-0.0802,0.0088,28.7,1,,
2013,1,00-0010346,Peyton Manning,QB,46.28,25.53,33.48,0.2353,0.2952,28.7,1,,
2013,1,00-0024217,Reginald Bush,RB,29.1,11.75,19.4,0.1139,0.1836,28.7,1,,
2013,1,00-0024242,DeAngelo Williams,RB,10.0,-7.35,0.3,-0.0718,0.0029,28.7,1,,
2013,1,00-0030565,Eugene Smith,QB,14.94,-5.81,2.14,-0.0569,0.021,28.7,1,,
2013,1,00-0028067,Julius Thomas,TE,30.5,9.18,18.3,0.0895,0.1739,28.7,1,,
2013,1,00-0027944,Quintorres Jones,WR,18.6,-1.77,6.4,-0.0173,0.0626,28.7,1,,
2013,1,00-0023921,Miles Austin,WR,17.2,-3.17,5.0,-0.0311,0.049,28.7,1,,
2013,1,00-0022921,Larry Fitzgerald,WR,28.0,7.63,15.8,0.0746,0.1514,28.7,1,,
2013,1,00-0030564,DeAndre Hopkins,WR,11.6,-8.77,-0.6,-0.0855,-0.0059,28.7,0,,
2013,1,00-0026988,Knowshon Moreno,RB,9.5,-7.85,-0.2,-0.0766,-0.002,28.7,0,,
2013,1,00-0029677,Brandon Weeden,QB,8.56,-12.19,-4.24,-0.118,-0.0416,28.7,0,,
2013,1,00-0029269,Travis Benjamin,WR,7.4,-12.97,-4.8,-0.1253,-0.0471,28.7,0,,
2013,1,00-0029547,Vick Ballard,RB,6.8,-10.55,-2.9,-0.1025,-0.0285,28.7,0,,
2013,1,00-0030514,Mychal Rivera,TE,5.6,-15.72,-6.6,-0.1507,-0.0646,28.7,0,,
2013,1,00-0028016,Austin Pettis,WR,4.6,-15.77,-7.6,-0.1511,-0.0742,28.7,0,,
2013,1,00-0027758,Riley Cooper,WR,3.4,-16.97,-8.8,-0.162,-0.0858,28.7,0,,
2013,1,00-0026957,David Johnson,TE,2.6,-18.72,-9.6,-0.1776,-0.0935,28.7,0,,
2013,1,00-0029298,Cyrus Gray,RB,2.4,-14.95,-7.3,-0.1436,-0.0713,28.7,0,,
2013,1,00-0027140,Christopher Ogbonnaya,RB,2.0,-15.35,-7.7,-0.1473,-0.0752,28.7,0,,
2013,1,00-0027531,Christopher Ivory,RB,1.5,-15.85,-8.2,-0.1518,-0.08,28.7,0,,
2013,1,00-0029391,Sean McGrath,TE,0.0,-21.32,-12.2,-0.2002,-0.1181,28.7,0,,
2013,1,00-0029435,Damaris Johnson,WR,0.0,-20.37,-12.2,-0.192,-0.1181,28.7,0,,
2013,1,00-0029604,Kirk Cousins,QB,0.0,-20.75,-12.8,-0.1953,-0.1237,28.7,0,,
2013,1,00-0026644,Josh Vaughan,RB,0.0,-17.35,-9.7,-0.1654,-0.0944,28.7,0,,
2013,1,00-0029999,Zachary Sudfeld,TE,0.0,-21.32,-12.2,-0.2002,-0.1181,28.7,0,,
2013,1,00-0028795,Chase Reynolds,RB,0.0,-17.35,-9.7,-0.1654,-0.0944,28.7,0,,
2013,1,00-0030460,Markus Wheaton,WR,0.0,-20.37,-12.2,-0.192,-0.1181,28.7,0,,
2013,1,00-0024279,Tarvaris Jackson,QB,0.0,-20.75,-12.8,-0.1953,-0.1237,28.7,0,,
2013,1,00-0023662,Matthew Cassel,QB,0.0,-20.75,-12.8,-0.1953,-0.1237,28.7,0,,
2013,1,00-0022864,Luke McCown,QB,0.0,-20.75,-12.8,-0.1953,-0.1237,28.7,0,,
2013,1,00-0028863,Dominique Davis,QB,0.0,-20.75,-12.8,-0.1953,-0.1237,28.7,0,,
2013,1,00-0029793,Brandon Williams,TE,0.0,-21.32,-12.2,-0.2002,-0.1181,28.7,0,,
2013,1,00-0029910,Timothy Wright,TE,0.0,-21.32,-12.2,-0.2002,-0.1181,28.7,0,,
2013,1,00-0024296,Charlie Whitehurst,QB,0.0,-20.75,-12.8,-0.1953,-0.1237,28.7,0,,
2013,1,00-0030089,Luke Willson,TE,0.0,-21.32,-12.2,-0.2002,-0.1181,28.7,0,,
2013,1,00-0030134,Michael Ford,RB,0.0,-17.35,-9.7,-0.1654,-0.0944,28.7,0,,
2013,1,00-0026544,William Daniel,QB,-0.1,-20.85,-12.9,-0.1962,-0.1247,28.7,0,,
2013,1,00-0026364,Steven Johnson,WR,12.9,-7.47,0.7,-0.0729,0.0069,28.7,1,,
2013,1,00-0029668,Andrew Luck,QB,24.92,4.17,12.12,0.0409,0.1173,28.7,1,,
2013,1,00-0027218,Joique Bell,RB,26.2,8.85,16.5,0.0863,0.1578,28.7,1,,
2013,1,00-0027994,Shane Vereen,RB,22.9,5.55,13.2,0.0544,0.1275,28.7,1,,
2013,1,00-0026158,Joseph Flacco,QB,17.48,-3.27,4.68,-0.0321,0.0459,28.7,1,,
2013,1,00-0027696,Jimmy Graham,TE,16.5,-4.82,4.3,-0.0472,0.0422,28.7,1,,
2013,1,00-0027691,Andre Roberts,WR,17.7,-2.67,5.5,-0.0262,0.0539,28.7,1,,
2013,1,00-0026186,Jerome Simpson,WR,21.0,0.63,8.8,0.0062,0.0858,28.7,1,,
2013,1,00-0028086,Denarius Moore,WR,15.3,-5.07,3.1,-0.0497,0.0304,28.7,1,,
2013,1,00-0030472,Jordan Reed,TE,11.3,-10.02,-0.9,-0.0974,-0.0088,28.7,0,,
2013,1,00-0026993,Josh Freeman,QB,9.4,-11.35,-3.4,-0.11,-0.0334,28.7,0,,
2013,1,00-0027861,Clifford Spiller,RB,8.5,-8.85,-1.2,-0.0862,-0.0118,28.7,0,,
2013,1,00-0028091,Jeremy Kerley,WR,7.4,-12.97,-4.8,-0.1253,-0.0471,28.7,0,,
2013,1,00-0027950,Christian Ponder,QB,6.64,-14.11,-6.16,-0.1359,-0.0603,28.7,0,,
2013,1,00-0025431,Sidney Rice,WR,5.5,-14.87,-6.7,-0.1429,-0.0655,28.7,0,,
2013,1,00-0024275,Maurice Jones-Drew,RB,4.5,-12.85,-5.2,-0.1241,-0.051,28.7,0,,
2013,1,00-0028114,Dwayne Harris,WR,3.2,-17.17,-9.0,-0.1638,-0.0877,28.7,0,,
2013,1,00-0026566,Isaac Redman,RB,2.5,-14.85,-7.2,-0.1427,-0.0704,28.7,0,,
2013,1,00-0027893,Damian Williams,WR,2.3,-18.07,-9.9,-0.1718,-0.0963,28.7,0,,
2013,1,00-0027732,Michael Hoomanawanui,TE,2.0,-19.32,-10.2,-0.1829,-0.0992,28.7,0,,
2013,1,00-0026197,Chad Henne,QB,1.44,-19.31,-11.36,-0.1828,-0.1102,28.7,0,,
2013,1,00-0030533,Matthew Barkley,QB,0.0,-20.75,-12.8,-0.1953,-0.1237,28.7,0,,
2013,1,00-0030108,Ryan Griffin,TE,0.0,-21.32,-12.2,-0.2002,-0.1181,28.7,0,,
2013,1,00-0028706,Armond Smith,RB,0.0,-17.35,-9.7,-0.1654,-0.0944,28.7,0,,
2013,1,00-0029654,Alfred Jenkins,WR,0.0,-20.37,-12.2,-0.192,-0.1181,28.7,0,,
2013,1,00-0027321,Jeffrey Cumberland,TE,0.0,-21.32,-12.2,-0.2002,-0.1181,28.7,0,,
2013,1,00-0030348,Khiry Robinson,RB,0.0,-17.35,-9.7,-0.1654,-0.0944,28.7,0,,
2013,1,00-0027581,Oluseyi Ajirotutu,WR,0.0,-20.37,-12.2,-0.192,-0.1181,28.7,0,,
2013,1,00-0026349,Matthew Flynn,QB,0.0,-20.75,-12.8,-0.1953,-0.1237,28.7,0,,
2013,1,00-0028079,David Williams,TE,0.0,-21.32,-12.2,-0.2002,-0.1181,28.7,0,,
2013,1,00-0027772,Anthony Dixon,RB,0.0,-17.35,-9.7,-0.1654,-0.0944,28.7,0,,
2013,1,00-0026162,Felix Jones,RB,0.0,-17.35,-9.7,-0.1654,-0.0944,28.7,0,,
2013,1,00-0026855,Antone Smith,RB,0.0,-17.35,-9.7,-0.1654,-0.0944,28.7,0,,
2013,1,00-0023682,Ryan Fitzpatrick,QB,0.0,-20.75,-12.8,-0.1953,-0.1237,28.7,0,,
2013,1,00-0027109,James Casey,TE,0.0,-21.32,-12.2,-0.2002,-0.1181,28.7,0,,
2013,1,00-0028012,Ryan Mallett,QB,0.0,-20.75,-12.8,-0.1953,-0.1237,28.7,0,,
2013,1,00-0027349,Stephen Williams,WR,0.0,-20.37,-12.2,-0.192,-0.1181,28.7,0,,
2013,1,00-0030068,Marquise Goodwin,WR,-1.0,-21.37,-13.2,-0.2006,-0.1275,28.7,0,,
2013,1,00-0027793,Antonio Brown,WR,12.5,-7.87,0.3,-0.0768,0.0029,28.7,1,,
2013,1,00-0027974,Colin Kaepernick,QB,30.68,9.93,17.88,0.0966,0.1702,28.7,1,,
2013,1,00-0025394,Adrian Peterson,RB,33.1,15.75,23.4,0.151,0.2178,28.7,1,,
2013,1,00-0025860,BenJarvus Green-Ellis,RB,9.9,-7.45,0.2,-0.0728,0.002,28.7,1,,
2013,1,00-0021678,Antonio Romo,QB,15.42,-5.33,2.62,-0.0522,0.0257,28.7,1,,
2013,1,00-0027135,Brandon Myers,TE,23.1,1.78,10.9,0.0175,0.1058,28.7,1,,
2013,1,00-0022427,Wesley Welker,WR,27.7,7.33,15.5,0.0717,0.1487,28.7,1,,
2013,1,00-0028825,Terrelle Pryor,WR,19.88,-0.49,7.68,-0.0048,0.075,28.7,1,,
2013,1,00-0027996,James Smith,WR,13.2,-7.17,1.0,-0.07,0.0098,28.7,1,,
2013,1,00-0027873,Jermaine Gresham,TE,11.0,-10.32,-1.2,-0.1003,-0.0118,28.7,0,,
2013,1,00-0028064,Bilal Powell,RB,9.4,-7.95,-0.3,-0.0776,-0.0029,28.7,0,,
2013,1,00-0027890,Benjamin Tate,RB,8.2,-9.15,-1.5,-0.0891,-0.0147,28.7,0,,
2013,1,00-0026163,Rashard Mendenhall,RB,7.4,-9.95,-2.3,-0.0968,-0.0226,28.7,0,,
2013,1,00-0027608,Kyle Williams,WR,6.6,-13.77,-5.6,-0.1327,-0.0549,28.7,0,,
2013,1,00-0025460,Jacoby Jones,WR,5.4,-14.97,-6.8,-0.1438,-0.0665,28.7,0,,
2013,1,00-0030550,Tracy Sanders,WR,4.4,-15.97,-7.8,-0.1529,-0.0762,28.7,0,,
2013,1,00-0029293,Marvin Jones,WR,3.1,-17.27,-9.1,-0.1647,-0.0887,28.7,0,,
2013,1,00-0026901,Burnell Wallace,WR,2.5,-17.87,-9.7,-0.17,-0.0944,28.7,0,,
2013,1,00-0024240,Santonio Holmes,WR,2.3,-18.07,-9.9,-0.1718,-0.0963,28.7,0,,
2013,1,00-0025396,Theodore Ginn,WR,2.0,-18.37,-10.2,-0.1745,-0.0992,28.7,0,,
2013,1,00-0025439,Brian Leonard,RB,1.4,-15.95,-8.3,-0.1527,-0.081,28.7,0,,
2013,1,00-0027057,Brandon Tate,WR,0.0,-20.37,-12.2,-0.192,-0.1181,28.7,0,,
2013,1,00-0028792,Kevin Cone,WR,0.0,-20.37,-12.2,-0.192,-0.1181,28.7,0,,
2013,1,00-0026367,Peyton Hillis,RB,0.0,-17.35,-9.7,-0.1654,-0.0944,28.7,0,,
2013,1,00-0028651,Michael McNeill,TE,0.0,-21.32,-12.2,-0.2002,-0.1181,28.7,0,,
2013,1,00-0028352,Dane Sanzenbacher,WR,0.0,-20.37,-12.2,-0.192,-0.1181,28.7,0,,
2013,1,00-0030394,Zac Dysert,QB,0.0,-20.75,-12.8,-0.1953,-0.1237,28.7,0,,
2013,1,00-0030077,Christopher Harper,WR,0.0,-20.37,-12.2,-0.192,-0.1181,28.7,0,,
2013,1,00-0028353,Andre Smith,TE,0.0,-21.32,-12.2,-0.2002,-0.1181,28.7,0,,
2013,1,00-0030432,Christine Michael,RB,0.0,-17.35,-9.7,-0.1654,-0.0944,28.7,0,,
2013,1,00-0026577,Marcus Thigpen,WR,0.0,-20.37,-12.2,-0.192,-0.1181,28.7,0,,
2013,1,00-0027708,Marcus Easley,WR,0.0,-20.37,-12.2,-0.192,-0.1181,28.7,0,,
2013,1,00-0028930,Joshua Cooper,WR,0.0,-20.37,-12.2,-0.192,-0.1181,28.7,0,,
2013,1,00-0024272,Devin Hester,WR,0.0,-20.37,-12.2,-0.192,-0.1181,28.7,0,,
2013,1,00-0029694,Michael Egnew,TE,0.0,-21.32,-12.2,-0.2002,-0.1181,28.7,0,,
2013,1,00-0028249,Jeremy Ross,WR,0.0,-20.37,-12.2,-0.192,-0.1181,28.7,0,,
2013,1,00-0028841,William Johnson,RB,0.0,-17.35,-9.7,-0.1654,-0.0944,28.7,0,,
2013,1,00-0029251,David Wilson,RB,-2.1,-19.45,-11.8,-0.184,-0.1143,28.7,0,,
2013,1,00-0029883,Joseph Fauria,TE,13.2,-8.12,1.0,-0.0792,0.0098,28.7,1,,
2013,1,00-0026143,Matthew Ryan,QB,19.36,-1.39,6.56,-0.0136,0.0642,28.7,1,,
2013,1,00-0023564,Darren Sproles,RB,17.0,-0.35,7.3,-0.0034,0.0713,28.7,1,,
2013,1,00-0023500,Franklin Gore,RB,14.5,-2.85,4.8,-0.0279,0.0471,28.7,1,,
2013,1,00-0023436,Alexander Smith,QB,16.42,-4.33,3.62,-0.0424,0.0355,28.7,1,,
2013,1,00-0027061,Jared Cook,TE,34.6,13.28,22.4,0.1282,0.2094,28.7,1,,
2013,1,00-0028434,Douglas Baldwin,WR,16.4,-3.97,4.2,-0.0389,0.0412,28.7,1,,
2013,1,00-0027265,Victor Cruz,WR,34.8,14.43,22.6,0.1389,0.2111,28.7,1,,
2013,1,00-0027702,Michael Williams,WR,15.2,-5.17,3.0,-0.0506,0.0295,28.7,1,,
2013,1,00-0030085,Kenneth Stills,WR,10.6,-9.77,-1.6,-0.095,-0.0157,28.7,0,,
2013,1,00-0028020,Vincent Brown,WR,9.3,-11.07,-2.9,-0.1074,-0.0285,28.7,0,,
2013,1,00-0030000,Kenbrell Thompkins,WR,8.2,-12.17,-4.0,-0.1178,-0.0392,28.7,0,,
2013,1,00-0029311,Kenneth Hemingway,WR,7.3,-13.07,-4.9,-0.1262,-0.048,28.7,0,,
2013,1,00-0027997,Gregory Little,WR,6.6,-13.77,-5.6,-0.1327,-0.0549,28.7,0,,
2013,1,00-0027946,Jacob Locker,QB,5.3,-15.45,-7.5,-0.1482,-0.0733,28.7,0,,
2013,1,00-0025637,Ahmad Bradshaw,RB,4.3,-13.05,-5.4,-0.126,-0.0529,28.7,0,,
2013,1,00-0029708,Kendall Wright,WR,3.1,-17.27,-9.1,-0.1647,-0.0887,28.7,0,,
2013,1,00-0027006,Kenneth Britt,WR,2.5,-17.87,-9.7,-0.17,-0.0944,28.7,0,,
2013,1,00-0030287,Andre Ellington,RB,2.3,-15.05,-7.4,-0.1445,-0.0723,28.7,0,,
2013,1,00-0030516,Brice Butler,WR,1.8,-18.57,-10.4,-0.1763,-0.1011,28.7,0,,
2013,1,00-0024324,Jason Avant,WR,1.3,-19.07,-10.9,-0.1807,-0.1058,28.7,0,,
2013,1,00-0020679,Shaun Hill,QB,0.0,-20.75,-12.8,-0.1953,-0.1237,28.7,0,,
2013,1,00-0028198,Matthew Asiata,RB,0.0,-17.35,-9.7,-0.1654,-0.0944,28.7,0,,
2013,1,00-0029492,Jamize Olawale,RB,0.0,-17.35,-9.7,-0.1654,-0.0944,28.7,0,,
2013,1,00-0027606,Trindon Holliday,WR,0.0,-20.37,-12.2,-0.192,-0.1181,28.7,0,,
2013,1,00-0030540,Aaron Dobson,WR,0.0,-20.37,-12.2,-0.192,-0.1181,28.7,0,,
2013,1,00-0030107,Theodore Riddick,RB,0.0,-17.35,-9.7,-0.1654,-0.0944,28.7,0,,
2013,1,00-0028063,Taiwan Jones,RB,0.0,-17.35,-9.7,-0.1654,-0.0944,28.7,0,,
2013,1,00-0023465,Earl Miller,TE,0.0,-21.32,-12.2,-0.2002,-0.1181,28.7,0,,
2013,1,00-0022121,Rex Grossman,QB,0.0,-20.75,-12.8,-0.1953,-0.1237,28.7,0,,
2013,1,00-0029731,Foswhitt Whittaker,RB,0.0,-17.35,-9.7,-0.1654,-0.0944,28.7,0,,
2013,1,00-0024408,Bruce Gradkowski,QB,0.0,-20.75,-12.8,-0.1953,-0.1237,28.7,0,,
2013,1,00-0030422,Dion Sims,TE,0.0,-21.32,-12.2,-0.2002,-0.1181,28.7,0,,
2013,1,00-0024345,Domenik Hixon,WR,0.0,-20.37,-12.2,-0.192,-0.1181,28.7,0,,
2013,1,00-0025542,Dante Rosario,TE,0.0,-21.32,-12.2,-0.2002,-0.1181,28.7,0,,
2013,1,00-0027964,Jonathan Baldwin,WR,0.0,-20.37,-12.2,-0.192,-0.1181,28.7,0,,
2013,1,00-0024535,Eric Weems,WR,0.0,-20.37,-12.2,-0.192,-0.1181,28.7,0,,
2013,1,00-0027685,Emmanuel Sanders,WR,12.7,-7.67,0.5,-0.0749,0.0049,28.7,1,,
2013,1,00-0023459,Aaron Rodgers,QB,24.62,3.87,11.82,0.038,0.1145,28.7,1,,
2013,1,00-0028009,DeMarco Murray,RB,20.5,3.15,10.8,0.031,0.1049,28.7,1,,
2013,1,00-0027864,Ryan Mathews,RB,13.5,-3.85,3.8,-0.0377,0.0373,28.7,1,,
2013,1,00-0021429,Carson Palmer,QB,16.08,-4.67,3.28,-0.0457,0.0322,28.7,1,,
2013,1,00-0028040,Jordan Cameron,TE,30.3,8.98,18.1,0.0876,0.1721,28.7,1,,
2013,1,00-0026035,Daniel Amendola,WR,20.4,0.03,8.2,0.0003,0.08,28.7,1,,
2013,1,00-0021999,Nathaniel Burleson,WR,13.8,-6.57,1.6,-0.0642,0.0157,28.7,1,,
2013,1,00-0027077,Brian Hartline,WR,26.4,6.03,14.2,0.0591,0.1367,28.7,1,,
2013,1,00-0020494,Santana Moss,WR,10.4,-9.97,-1.8,-0.097,-0.0177,28.7,0,,
2013,1,00-0029137,Alshon Jeffery,WR,9.2,-11.17,-3.0,-0.1083,-0.0295,28.7,0,,
2013,1,00-0025701,Ewart Battle,RB,8.1,-9.25,-1.6,-0.0901,-0.0157,28.7,0,,
2013,1,00-0027651,Dexter McCluster,WR,7.3,-13.07,-4.9,-0.1262,-0.048,28.7,0,,
2013,1,00-0024267,Gregory Jennings,WR,6.3,-14.07,-5.9,-0.1355,-0.0578,28.7,0,,
2013,1,00-0028121,Jordan Todman,RB,5.2,-12.15,-4.5,-0.1176,-0.0441,28.7,0,,
2013,1,00-0023310,Lance Moore,WR,4.3,-16.07,-7.9,-0.1538,-0.0771,28.7,0,,
2013,1,00-0026757,Kory Sperry,TE,3.1,-18.22,-9.1,-0.1732,-0.0887,28.7,0,,
2013,1,00-0028596,Norristorius Gurley,WR,2.5,-17.87,-9.7,-0.17,-0.0944,28.7,0,,
2013,1,00-0030544,Gavin Escobar,TE,2.2,-19.12,-10.0,-0.1811,-0.0973,28.7,0,,
2013,1,00-0026899,Shonn Greene,RB,1.8,-15.55,-7.9,-0.1491,-0.0771,28.7,0,,
2013,1,00-0028083,Jacquizz Rodgers,RB,1.2,-16.15,-8.5,-0.1546,-0.0829,28.7,0,,
2013,1,00-0030521,Justin Hunter,WR,0.0,-20.37,-12.2,-0.192,-0.1181,28.7,0,,
2013,1,00-0030047,Marquess Wilson,WR,0.0,-20.37,-12.2,-0.192,-0.1181,28.7,0,,
2013,1,00-0030419,Matthew McGloin,QB,0.0,-20.75,-12.8,-0.1953,-0.1237,28.7,0,,
2013,1,00-0029567,Nicholas Foles,QB,0.0,-20.75,-12.8,-0.1953,-0.1237,28.7,0,,
2013,1,00-0026780,Kevin Ogletree,WR,0.0,-20.37,-12.2,-0.192,-0.1181,28.7,0,,
2013,1,00-0030404,Christopher Thompson,RB,0.0,-17.35,-9.7,-0.1654,-0.0944,28.7,0,,
2013,1,00-0029572,Jarius Wright,WR,0.0,-20.37,-12.2,-0.192,-0.1181,28.7,0,,
2013,1,00-0023578,Daniel Orlovsky,QB,0.0,-20.75,-12.8,-0.1953,-0.1237,28.7,0,,
2013,1,00-0028142,Virgil Green,TE,0.0,-21.32,-12.2,-0.2002,-0.1181,28.7,0,,
2013,1,00-0026178,John Carlson,TE,0.0,-21.32,-12.2,-0.2002,-0.1181,28.7,0,,
2013,1,00-0029854,Cortrelle Anderson,RB,0.0,-17.35,-9.7,-0.1654,-0.0944,28.7,0,,
2013,1,00-0023630,Joel Dreessen,TE,0.0,-21.32,-12.2,-0.2002,-0.1181,28.7,0,,
2013,1,00-0028097,Joseph Smith,TE,0.0,-21.32,-12.2,-0.2002,-0.1181,28.7,0,,
2013,1,00-0029580,Rishard Matthews,WR,0.0,-20.37,-12.2,-0.192,-0.1181,28.7,0,,
2013,1,00-0029218,David Paulson,TE,0.0,-21.32,-12.2,-0.2002,-0.1181,28.7,0,,
2013,1,00-0027134,Curtis Painter,QB,0.0,-20.75,-12.8,-0.1953,-0.1237,28.7,0,,
2013,1,00-0029159,Jermaine Kearse,WR,12.9,-7.47,0.7,-0.0729,0.0069,28.7,1,,
2013,1,00-0022942,Philip Rivers,QB,23.6,2.85,10.8,0.028,0.1049,28.7,1,,
2013,1,00-0029612,Daryl Richardson,RB,14.6,-2.75,4.9,-0.027,0.048,28.7,1,,
2013,1,00-0029613,Douglas Martin,RB,13.4,-3.95,3.7,-0.0387,0.0363,28.7,1,,
2013,1,00-0029665,Robert Griffin,QB,18.56,-2.19,5.76,-0.0215,0.0564,28.7,1,,
2013,1,00-0024221,Vernon Davis,TE,30.8,9.48,18.6,0.0923,0.1766,28.7,1,,
2013,1,00-0027942,Adriel Green,WR,36.2,15.83,24.0,0.1517,0.2228,28.7,1,,
2013,1,00-0026182,William Royal,WR,17.4,-2.97,5.2,-0.0291,0.051,28.7,1,,
2013,1,00-0029262,Rueben Randle,WR,15.1,-5.27,2.9,-0.0516,0.0285,28.7,1,,
2013,1,00-0030525,Tavon Austin,WR,10.0,-10.37,-2.2,-0.1008,-0.0216,28.7,0,,
2013,1,00-0026173,Donnie Avery,WR,9.1,-11.27,-3.1,-0.1093,-0.0304,28.7,0,,
2013,1,00-0021547,Antonio Gates,TE,7.9,-13.42,-4.3,-0.1295,-0.0422,28.7,0,,
2013,1,00-0025399,Marshawn Lynch,RB,7.2,-10.15,-2.5,-0.0987,-0.0245,28.7,0,,
2013,1,00-0026983,Darrius Heyward-Bey,WR,6.3,-14.07,-5.9,-0.1355,-0.0578,28.7,0,,
2013,1,00-0026188,Frederick Davis,TE,5.2,-16.12,-7.0,-0.1543,-0.0684,28.7,0,,
2013,1,00-0027690,Eric Decker,WR,4.2,-16.17,-8.0,-0.1547,-0.0781,28.7,0,,
2013,1,00-0027675,Edward Dickson,TE,2.8,-18.52,-9.4,-0.1758,-0.0915,28.7,0,,
2013,1,00-0029429,Bryce Brown,RB,2.5,-14.85,-7.2,-0.1427,-0.0704,28.7,0,,
2013,1,00-0029264,Bernard Pierce,RB,2.2,-15.15,-7.5,-0.1454,-0.0733,28.7,0,,
2013,1,00-0027791,James Starks,RB,1.8,-15.55,-7.9,-0.1491,-0.0771,28.7,0,,
2013,1,00-0027709,Jacoby Ford,WR,1.2,-19.17,-11.0,-0.1816,-0.1068,28.7,0,,
2013,1,00-0023679,William Bajema,TE,0.0,-21.32,-12.2,-0.2002,-0.1181,28.7,0,,
2013,1,00-0030433,Michael Gillislee,RB,0.0,-17.35,-9.7,-0.1654,-0.0944,28.7,0,,
2013,1,00-0024276,Anthony Scheffler,TE,0.0,-21.32,-12.2,-0.2002,-0.1181,28.7,0,,
2013,1,00-0028542,Lestar Jean,WR,0.0,-20.37,-12.2,-0.192,-0.1181,28.7,0,,
2013,1,00-0029275,Ladarius Green,TE,0.0,-21.32,-12.2,-0.2002,-0.1181,28.7,0,,
2013,1,00-0029281,Adrien Robinson,TE,0.0,-21.32,-12.2,-0.2002,-0.1181,28.7,0,,
2013,1,00-0030279,Keenan Allen,WR,0.0,-20.37,-12.2,-0.192,-0.1181,28.7,0,,
2013,1,00-0029205,Travaris Cadet,RB,0.0,-17.35,-9.7,-0.1654,-0.0944,28.7,0,,
2013,1,00-0027003,Donald Brown,RB,0.0,-17.35,-9.7,-0.1654,-0.0944,28.7,0,,
2013,1,00-0027202,Michael Palmer,TE,0.0,-21.32,-12.2,-0.2002,-0.1181,28.7,0,,
2013,1,00-0030181,John Doyle,TE,0.0,-21.32,-12.2,-0.2002,-0.1181,28.7,0,,
2013,1,00-0023541,Kyle Orton,QB,0.0,-20.75,-12.8,-0.1953,-0.1237,28.7,0,,
2013,1,00-0026300,Joshua Johnson,QB,0.0,-20.75,-12.8,-0.1953,-0.1237,28.7,0,,
2013,1,00-0029384,Bobby Rainey,RB,0.0,-17.35,-9.7,-0.1654,-0.0944,28.7,0,,
2013,1,00-0029673,DeVier Posey,WR,0.0,-20.37,-12.2,-0.192,-0.1181,28.7,0,,
2013,1,00-0021206,Joshua McCown,QB,0.0,-20.75,-12.8,-0.1953,-0.1237,28.7,0,,
2013,1,00-0026224,Harry Douglas,WR,12.3,-8.07,0.1,-0.0787,0.001,28.7,1,,
2013,1,00-0026498,John Stafford,QB,18.98,-1.77,6.18,-0.0173,0.0605,28.7,1,,
2013,1,00-0024813,Charles Thomas,RB,9.9,-7.45,0.2,-0.0728,0.002,28.7,1,,
2013,1,00-0029141,Alfred Morris,RB,10.4,-6.95,0.7,-0.0679,0.0069,28.7,1,,
2013,1,00-0030526,Erik Manuel,QB,16.3,-4.45,3.5,-0.0436,0.0343,28.7,1,,
2013,1,00-0026231,Jermichael Finley,TE,19.1,-2.22,6.9,-0.0218,0.0675,28.7,1,,
2013,1,00-0022084,Anquan Boldin,WR,39.8,19.43,27.6,0.1839,0.2517,28.7,1,,
2013,1,00-0022044,Andre Johnson,WR,26.6,6.23,14.4,0.061,0.1386,28.7,1,,
2013,1,00-0028017,Leonard Hankerson,WR,25.0,4.63,12.8,0.0454,0.1237,28.7,1,,
2013,1,00-0028995,Stephen Hill,WR,9.9,-10.47,-2.3,-0.1017,-0.0226,28.7,0,,
2013,1,00-0026314,Joshua Morgan,WR,9.1,-11.27,-3.1,-0.1093,-0.0304,28.7,0,,
2013,1,00-0025389,Calvin Johnson,WR,7.7,-12.67,-4.5,-0.1225,-0.0441,28.7,0,,
2013,1,00-0023437,Ronnie Brown,RB,7.1,-10.25,-2.6,-0.0996,-0.0255,28.7,0,,
2013,1,00-0027902,Desmond Bryant,WR,6.2,-14.17,-6.0,-0.1364,-0.0587,28.7,0,,
2013,1,00-0030542,Terrance Williams,WR,5.2,-15.17,-7.0,-0.1456,-0.0684,28.7,0,,
2013,1,00-0030456,Giovani Bernard,RB,4.0,-13.35,-5.7,-0.1288,-0.0558,28.7,0,,
2013,1,00-0028049,Edmond Gates,WR,2.7,-17.67,-9.5,-0.1683,-0.0925,28.7,0,,
2013,1,00-0027948,Blaine Gabbert,QB,2.44,-18.31,-10.36,-0.174,-0.1007,28.7,0,,
2013,1,00-0029697,Jacoby Fleener,TE,2.2,-19.12,-10.0,-0.1811,-0.0973,28.7,0,,
2013,1,00-0026996,Brandon Pettigrew,TE,1.6,-19.72,-10.6,-0.1864,-0.103,28.7,0,,
2013,1,00-0028613,Phillip Tanner,RB,1.1,-16.25,-8.6,-0.1555,-0.0839,28.7,0,,
2013,1,00-0028034,Alexander Green,RB,0.0,-17.35,-9.7,-0.1654,-0.0944,28.7,0,,
2013,1,00-0029091,Bradley Sowell,TE,0.0,-21.32,-12.2,-0.2002,-0.1181,28.7,0,,
2013,1,00-0028543,Jeffrey Maehl,WR,0.0,-20.37,-12.2,-0.192,-0.1181,28.7,0,,
2013,1,00-0030288,Michael Burkhead,RB,0.0,-17.35,-9.7,-0.1654,-0.0944,28.7,0,,
2013,1,00-0030175,Ryan Spadola,WR,0.0,-20.37,-12.2,-0.192,-0.1181,28.7,0,,
2013,1,00-0029494,Joseph Anderson,WR,0.0,-20.37,-12.2,-0.192,-0.1181,28.7,0,,
2013,1,00-0030532,Stedman Bailey,WR,0.0,-20.37,-12.2,-0.192,-0.1181,28.7,0,,
2013,1,00-0027888,Tobinbo Gerhart,RB,0.0,-17.35,-9.7,-0.1654,-0.0944,28.7,0,,
2013,1,00-0030078,Johnathan Franklin,RB,0.0,-17.35,-9.7,-0.1654,-0.0944,28.7,0,,
2013,1,00-0007091,Matthew Hasselbeck,QB,0.0,-20.75,-12.8,-0.1953,-0.1237,28.7,0,,
2013,1,00-0029438,Christopher Polk,RB,0.0,-17.35,-9.7,-0.1654,-0.0944,28.7,0,,
2013,1,00-0027995,Mikel Leshoure,RB,0.0,-17.35,-9.7,-0.1654,-0.0944,28.7,0,,
2013,1,00-0028237,Christopher Hogan,WR,0.0,-20.37,-12.2,-0.192,-0.1181,28.7,0,,
2013,1,00-0029590,Taylor Thompson,TE,0.0,-21.32,-12.2,-0.2002,-0.1181,28.7,0,,
2013,1,00-0027796,Joseph Webb,QB,0.0,-20.75,-12.8,-0.1953,-0.1237,28.7,0,,
2013,1,00-0030474,Joshua Boyce,WR,0.0,-20.37,-12.2,-0.192,-0.1181,28.7,0,,
2013,1,00-0025549,Brent Celek,TE,14.6,-6.72,2.4,-0.0657,0.0236,28.7,1,,
2013,1,00-0027854,Samuel Bradford,QB,19.06,-1.69,6.26,-0.0166,0.0613,28.7,1,,
2013,1,00-0026184,Matthew Forte,RB,19.1,1.75,9.4,0.0172,0.0915,28.7,1,,
2013,1,00-0030485,Eddie Lacy,RB,12.2,-5.15,2.5,-0.0504,0.0245,28.7,1,,
2013,1,00-0027973,Andrew Dalton,QB,15.48,-5.27,2.68,-0.0516,0.0263,28.7,1,,
2013,1,00-0022922,Kellen Winslow,TE,24.4,3.08,12.2,0.0303,0.1181,28.7,1,,
2013,1,00-0026345,Pierre Garcon,WR,13.4,-6.97,1.2,-0.0681,0.0118,28.7,1,,
2013,1,00-0026189,DeSean Jackson,WR,23.4,3.03,11.2,0.0298,0.1087,28.7,1,,
2013,1,00-0020337,Stevonne Smith,WR,17.1,-3.27,4.9,-0.0321,0.048,28.7,1,,
2013,1,00-0025516,William Chandler,TE,9.8,-11.52,-2.4,-0.1117,-0.0236,28.7,0,,
2013,1,00-0027891,Golden Tate,WR,9.1,-11.27,-3.1,-0.1093,-0.0304,28.7,0,,
2013,1,00-0022924,Benjamin Roethlisberger,QB,7.64,-13.11,-5.16,-0.1266,-0.0506,28.7,0,,
2013,1,00-0025410,Dwayne Bowe,WR,7.0,-13.37,-5.2,-0.129,-0.051,28.7,0,,
2013,1,00-0029683,Ronnie Hillman,RB,6.2,-11.15,-3.5,-0.1082,-0.0343,28.7,0,,
2013,1,00-0027825,James Dray,TE,5.1,-16.22,-7.1,-0.1552,-0.0694,28.7,0,,
2013,1,00-0030470,Vance McDonald,TE,4.0,-17.32,-8.2,-0.1651,-0.08,28.7,0,,
2013,1,00-0030280,Knile Davis,RB,2.7,-14.65,-7.0,-0.1408,-0.0684,28.7,0,,
2013,1,00-0028053,Kendall Hunter,RB,2.4,-14.95,-7.3,-0.1436,-0.0713,28.7,0,,
2013,1,00-0028238,Konrad Reuland,TE,2.2,-19.12,-10.0,-0.1811,-0.0973,28.7,0,,
2013,1,00-0027780,Nathan Byham,TE,1.6,-19.72,-10.6,-0.1864,-0.103,28.7,0,,
2013,1,00-0027966,Mark Ingram,RB,1.1,-16.25,-8.6,-0.1555,-0.0839,28.7,0,,
2013,1,00-0030248,Cierre Wood,RB,0.0,-17.35,-9.7,-0.1654,-0.0944,28.7,0,,
2013,1,00-0027356,Marlon Moore,WR,0.0,-20.37,-12.2,-0.192,-0.1181,28.7,0,,
2013,1,00-0030049,Christopher Gragg,TE,0.0,-21.32,-12.2,-0.2002,-0.1181,28.7,0,,
2013,1,00-0029098,Eric Page,WR,0.0,-20.37,-12.2,-0.192,-0.1181,28.7,0,,
2013,1,00-0030147,Russell Shepard,WR,0.0,-20.37,-12.2,-0.192,-0.1181,28.7,0,,
2013,1,00-0028876,Collin Mooney,RB,0.0,-17.35,-9.7,-0.1654,-0.0944,28.7,0,,
2013,1,00-0030520,Michael Glennon,QB,0.0,-20.75,-12.8,-0.1953,-0.1237,28.7,0,,
2013,1,00-0026267,Jacob Tamme,TE,0.0,-21.32,-12.2,-0.2002,-0.1181,28.7,0,,
2013,1,00-0028362,Michael Preston,WR,0.0,-20.37,-12.2,-0.192,-0.1181,28.7,0,,
2013,1,00-0028174,Stephen Burton,WR,0.0,-20.37,-12.2,-0.192,-0.1181,28.7,0,,
2013,1,00-0029795,Benjamin Cunningham,RB,0.0,-17.35,-9.7,-0.1654,-0.0944,28.7,0,,
2013,1,00-0029634,James Hanna,TE,0.0,-21.32,-12.2,-0.2002,-0.1181,28.7,0,,
2013,1,00-0028337,Kyle Adams,TE,0.0,-21.32,-12.2,-0.2002,-0.1181,28.7,0,,
2013,1,00-0030465,Kenjon Barner,RB,0.0,-17.35,-9.7,-0.1654,-0.0944,28.7,0,,
2013,1,00-0025414,Robert Meachem,WR,0.0,-20.37,-12.2,-0.192,-0.1181,28.7,0,,
2013,1,00-0025708,Matthew Moore,QB,0.0,-20.75,-12.8,-0.1953,-0.1237,28.7,0,,
2013,1,00-0006101,Anthony Gonzalez,TE,14.1,-7.22,1.9,-0.0705,0.0187,28.7,1,,
2013,1,00-0022787,Matthew Schaub,QB,23.84,3.09,11.04,0.0304,0.1072,28.7,1,,
2013,1,00-0026144,Darren McFadden,RB,15.6,-1.75,5.9,-0.0171,0.0578,28.7,1,,
2013,1,00-0028159,Da'Rel Scott,RB,12.4,-4.95,2.7,-0.0485,0.0265,28.7,1,,
2013,1,00-0029701,Ryan Tannehill,QB,13.18,-7.57,0.38,-0.0739,0.0037,28.7,1,,
2013,1,00-0022127,Christopher Witten,TE,31.0,9.68,18.8,0.0943,0.1783,28.7,1,,
2013,1,00-0024334,Brandon Marshall,WR,24.4,4.03,12.2,0.0396,0.1181,28.7,1,,
2013,1,00-0028002,Randall Cobb,WR,24.4,4.03,12.2,0.0396,0.1181,28.7,1,,
2013,1,00-0027150,Julian Edelman,WR,26.9,6.53,14.7,0.0639,0.1413,28.7,1,,
2013,1,00-0026237,Andre Caldwell,WR,9.8,-10.57,-2.4,-0.1027,-0.0236,28.7,0,,
2013,1,00-0028000,Daniel Thomas,RB,8.9,-8.45,-0.8,-0.0824,-0.0079,28.7,0,,
2013,1,00-0028267,Allen Reisner,TE,7.6,-13.72,-4.6,-0.1323,-0.0451,28.7,0,,
2013,1,00-0027985,Lance Kendricks,TE,7.0,-14.32,-5.2,-0.1378,-0.051,28.7,0,,
2013,1,00-0029227,Patrick Edwards,WR,6.0,-14.37,-6.2,-0.1383,-0.0607,28.7,0,,
2013,1,00-0029273,Robert Turbin,RB,5.0,-12.35,-4.7,-0.1195,-0.0461,28.7,0,,
2013,1,00-0023462,Sharod White,WR,3.9,-16.47,-8.3,-0.1575,-0.081,28.7,0,,
2013,1,00-0030061,Zachary Ertz,TE,2.6,-18.72,-9.6,-0.1776,-0.0935,28.7,0,,
2013,1,00-0030300,Jaron Brown,WR,2.4,-17.97,-9.8,-0.1709,-0.0954,28.7,0,,
2013,1,00-0028045,Kristopher Durham,WR,2.1,-18.27,-10.1,-0.1736,-0.0982,28.7,0,,
2013,1,00-0026210,Earl Bennett,WR,1.6,-18.77,-10.6,-0.178,-0.103,28.7,0,,
2013,1,00-0029660,Trevor Graham,WR,0.5,-19.87,-11.7,-0.1877,-0.1134,28.7,0,,
2013,1,00-0029441,Jeremy Stewart,RB,0.0,-17.35,-9.7,-0.1654,-0.0944,28.7,0,,
2013,1,00-0026932,Cedric Peerman,RB,0.0,-17.35,-9.7,-0.1654,-0.0944,28.7,0,,
2013,1,00-0029234,Kellen Moore,QB,0.0,-20.75,-12.8,-0.1953,-0.1237,28.7,0,,
2013,1,00-0030128,Michael Cox,RB,0.0,-17.35,-9.7,-0.1654,-0.0944,28.7,0,,
2013,1,00-0027069,Chase Coffman,TE,0.0,-21.32,-12.2,-0.2002,-0.1181,28.7,0,,
2013,1,00-0028453,Patrick Devlin,QB,0.0,-20.75,-12.8,-0.1953,-0.1237,28.7,0,,
2013,1,00-0028042,Lucas Stocker,TE,0.0,-21.32,-12.2,-0.2002,-0.1181,28.7,0,,
2013,1,00-0029108,Derek Moye,WR,0.0,-20.37,-12.2,-0.192,-0.1181,28.7,0,,
2013,1,00-0027139,John Phillips,TE,0.0,-21.32,-12.2,-0.2002,-0.1181,28.7,0,,
2013,1,00-0026225,Craig Stevens,TE,0.0,-21.32,-12.2,-0.2002,-0.1181,28.7,0,,
2013,1,00-0026293,Matthew Slater,WR,0.0,-20.37,-12.2,-0.192,-0.1181,28.7,0,,
2013,1,00-0027753,Andrew Quarless,TE,0.0,-21.32,-12.2,-0.2002,-0.1181,28.7,0,,
2013,1,00-0030291,Lequan Jefferson,TE,0.0,-21.32,-12.2,-0.2002,-0.1181,28.7,0,,
2013,1,00-0028105,Ryan Whalen,WR,0.0,-20.37,-12.2,-0.192,-0.1181,28.7,0,,
2013,1,00-0030024,Jeffrey Tuel,QB,0.0,-20.75,-12.8,-0.1953,-0.1237,28.7,0,,
2013,1,00-0023506,Edwin Smith,TE,0.0,-21.32,-12.2,-0.2002,-0.1181,28.7,0,,
2013,2,00-0030550,Tracy Sanders,WR,11.4,-8.4,0.7,-0.087,0.0073,27.0,1,,
2013,2,00-0023459,Aaron Rodgers,QB,34.9,16.06,23.7,0.1628,0.2323,27.0,1,,
2013,2,00-0030287,Andre Ellington,RB,14.2,-2.82,4.3,-0.0294,0.0448,27.0,1,,
2013,2,00-0029141,Alfred Morris,RB,14.0,-3.02,4.1,-0.0315,0.0427,27.0,1,,
2013,2,00-0022924,Benjamin Roethlisberger,QB,12.64,-6.2,1.44,-0.0644,0.015,27.0,1,,
2013,2,00-0028067,Julius Thomas,TE,19.7,0.48,9.1,0.005,0.0941,27.0,1,,
2013,2,00-0027690,Eric Decker,WR,17.7,-2.1,7.0,-0.0219,0.0726,27.0,1,,
2013,2,00-0026182,William Royal,WR,34.0,14.2,23.3,0.1448,0.2289,27.0,1,,
2013,2,00-0023496,Vincent Jackson,WR,12.7,-7.1,2.0,-0.0737,0.0209,27.0,1,,
2013,2,00-0019596,Thomas Brady,QB,11.2,-7.64,0.0,-0.0792,0.0,27.0,0,,
2013,2,00-0025394,Adrian Peterson,RB,9.7,-7.32,-0.2,-0.0759,-0.0021,27.0,0,,
2013,2,00-0024389,Hubert Walker,TE,8.5,-10.72,-2.1,-0.1104,-0.0219,27.0,0,,
2013,2,00-0015754,Brandon Stokley,WR,7.6,-12.2,-3.1,-0.1252,-0.0323,27.0,0,,
2013,2,00-0028020,Vincent Brown,WR,6.6,-13.2,-4.1,-0.1351,-0.0427,27.0,0,,
2013,2,00-0026173,Donnie Avery,WR,6.0,-13.8,-4.7,-0.1409,-0.0489,27.0,0,,
2013,2,00-0027985,Lance Kendricks,TE,5.3,-13.92,-5.3,-0.1421,-0.0551,27.0,0,,
2013,2,00-0029262,Rueben Randle,WR,4.4,-15.4,-6.3,-0.1565,-0.0654,27.0,0,,
2013,2,00-0026162,Felix Jones,RB,3.7,-13.32,-6.2,-0.1362,-0.0644,27.0,0,,
2013,2,00-0027003,Donald Brown,RB,3.0,-14.02,-6.9,-0.143,-0.0716,27.0,0,,
2013,2,00-0025431,Sidney Rice,WR,2.3,-17.5,-8.4,-0.1764,-0.0869,27.0,0,,
2013,2,00-0029660,Trevor Graham,WR,1.8,-18.0,-8.9,-0.1811,-0.092,27.0,0,,
2013,2,00-0028043,Roy Helu,RB,1.2,-15.82,-8.7,-0.1605,-0.09,27.0,0,,
2013,2,00-0024332,Leon Washington,RB,0.1,-16.92,-9.8,-0.1709,-0.1011,27.0,0,,
2013,2,00-0029435,Damaris Johnson,WR,0.0,-19.8,-10.7,-0.1977,-0.1102,27.0,0,,
2013,2,00-0029000,Cole Beasley,WR,0.0,-19.8,-10.7,-0.1977,-0.1102,27.0,0,,
2013,2,00-0029234,Kellen Moore,QB,0.0,-18.84,-11.2,-0.1889,-0.1152,27.0,0,,
2013,2,00-0029682,Brock Osweiler,QB,0.0,-18.84,-11.2,-0.1889,-0.1152,27.0,0,,
2013,2,00-0029260,LaMichael James,RB,0.0,-17.02,-9.9,-0.1719,-0.1022,27.0,0,,
2013,2,00-0027688,Daniel McCoy,QB,0.0,-18.84,-11.2,-0.1889,-0.1152,27.0,0,,
2013,2,00-0023578,Daniel Orlovsky,QB,0.0,-18.84,-11.2,-0.1889,-0.1152,27.0,0,,
2013,2,00-0028362,Michael Preston,WR,0.0,-19.8,-10.7,-0.1977,-0.1102,27.0,0,,
2013,2,00-0026225,Craig Stevens,TE,0.0,-19.22,-10.6,-0.1924,-0.1092,27.0,0,,
2013,2,00-0026293,Matthew Slater,WR,0.0,-19.8,-10.7,-0.1977,-0.1102,27.0,0,,
2013,2,00-0030280,Knile Davis,RB,0.0,-17.02,-9.9,-0.1719,-0.1022,27.0,0,,
2013,2,00-0026757,Kory Sperry,TE,0.0,-19.22,-10.6,-0.1924,-0.1092,27.0,0,,
2013,2,00-0029384,Bobby Rainey,RB,0.0,-17.02,-9.9,-0.1719,-0.1022,27.0,0,,
2013,2,00-0029673,DeVier Posey,WR,0.0,-19.8,-10.7,-0.1977,-0.1102,27.0,0,,
2013,2,00-0028841,William Johnson,RB,0.0,-17.02,-9.9,-0.1719,-0.1022,27.0,0,,
2013,2,00-0024313,Owen Daniels,TE,11.4,-7.82,0.8,-0.0811,0.0083,27.0,1,,
2013,2,00-0022787,Matthew Schaub,QB,19.92,1.08,8.72,0.0113,0.0902,27.0,1,,
2013,2,00-0028064,Bilal Powell,RB,15.0,-2.02,5.1,-0.021,0.0531,27.0,1,,
2013,2,00-0030456,Giovani Bernard,RB,19.5,2.48,9.6,0.0259,0.0991,27.0,1,,
2013,2,00-0026197,Chad Henne,QB,14.54,-4.3,3.34,-0.0448,0.0348,27.0,1,,
2013,2,00-0021547,Antonio Gates,TE,22.4,3.18,11.8,0.0331,0.1212,27.0,1,,
2013,2,00-0027150,Julian Edelman,WR,21.2,1.4,10.5,0.0146,0.1082,27.0,1,,
2013,2,00-0027902,Desmond Bryant,WR,29.1,9.3,18.4,0.0961,0.1848,27.0,1,,
2013,2,00-0026189,DeSean Jackson,WR,34.3,14.5,23.6,0.1477,0.2315,27.0,1,,
2013,2,00-0026164,Christopher Johnson,RB,10.7,-6.32,0.8,-0.0656,0.0083,27.0,1,,
2013,2,00-0020498,Reginald Wayne,WR,9.6,-10.2,-1.1,-0.1052,-0.0115,27.0,0,,
2013,2,00-0024242,DeAngelo Williams,RB,8.5,-8.52,-1.4,-0.0881,-0.0146,27.0,0,,
2013,2,00-0028838,Larry Donnell,TE,7.6,-11.62,-3.0,-0.1194,-0.0313,27.0,0,,
2013,2,00-0027691,Andre Roberts,WR,6.6,-13.2,-4.1,-0.1351,-0.0427,27.0,0,,
2013,2,00-0027606,Trindon Holliday,WR,6.0,-13.8,-4.7,-0.1409,-0.0489,27.0,0,,
2013,2,00-0022921,Larry Fitzgerald,WR,5.3,-14.5,-5.4,-0.1478,-0.0562,27.0,0,,
2013,2,00-0027215,James Paulsen,TE,4.3,-14.92,-6.3,-0.1518,-0.0654,27.0,0,,
2013,2,00-0027651,Dexter McCluster,WR,3.4,-16.4,-7.3,-0.166,-0.0757,27.0,0,,
2013,2,00-0027702,Michael Williams,WR,2.9,-16.9,-7.8,-0.1708,-0.0808,27.0,0,,
2013,2,00-0026178,John Carlson,TE,2.2,-17.02,-8.4,-0.1719,-0.0869,27.0,0,,
2013,2,00-0026188,Frederick Davis,TE,1.8,-17.42,-8.8,-0.1757,-0.091,27.0,0,,
2013,2,00-0026262,Tashard Choice,RB,1.1,-15.92,-8.8,-0.1614,-0.091,27.0,0,,
2013,2,00-0030533,Matthew Barkley,QB,0.0,-18.84,-11.2,-0.1889,-0.1152,27.0,0,,
2013,2,00-0030108,Ryan Griffin,TE,0.0,-19.22,-10.6,-0.1924,-0.1092,27.0,0,,
2013,2,00-0025549,Brent Celek,TE,0.0,-19.22,-10.6,-0.1924,-0.1092,27.0,0,,
2013,2,00-0028613,Phillip Tanner,RB,0.0,-17.02,-9.9,-0.1719,-0.1022,27.0,0,,
2013,2,00-0029999,Zachary Sudfeld,TE,0.0,-19.22,-10.6,-0.1924,-0.1092,27.0,0,,
2013,2,00-0028795,Chase Reynolds,RB,0.0,-17.02,-9.9,-0.1719,-0.1022,27.0,0,,
2013,2,00-0030460,Markus Wheaton,WR,0.0,-19.8,-10.7,-0.1977,-0.1102,27.0,0,,
2013,2,00-0029205,Travaris Cadet,RB,0.0,-17.02,-9.9,-0.1719,-0.1022,27.0,0,,
2013,2,00-0027139,John Phillips,TE,0.0,-19.22,-10.6,-0.1924,-0.1092,27.0,0,,
2013,2,00-0028093,Niles Paul,TE,0.0,-19.22,-10.6,-0.1924,-0.1092,27.0,0,,
2013,2,00-0027567,Steven Maneri,TE,0.0,-19.22,-10.6,-0.1924,-0.1092,27.0,0,,
2013,2,00-0023682,Ryan Fitzpatrick,QB,0.0,-18.84,-11.2,-0.1889,-0.1152,27.0,0,,
2013,2,00-0030291,Lequan Jefferson,TE,0.0,-19.22,-10.6,-0.1924,-0.1092,27.0,0,,
2013,2,00-0029590,Taylor Thompson,TE,0.0,-19.22,-10.6,-0.1924,-0.1092,27.0,0,,
2013,2,00-0027796,Joseph Webb,QB,0.0,-18.84,-11.2,-0.1889,-0.1152,27.0,0,,
2013,2,00-0024535,Eric Weems,WR,0.0,-19.8,-10.7,-0.1977,-0.1102,27.0,0,,
2013,2,00-0027718,Garrett Graham,TE,13.5,-5.72,2.9,-0.0595,0.0302,27.0,1,,
2013,2,00-0026143,Matthew Ryan,QB,22.96,4.12,11.76,0.0429,0.1208,27.0,1,,
2013,2,00-0024204,Fredrick Jackson,RB,17.5,0.48,7.6,0.005,0.0788,27.0,1,,
2013,2,00-0027791,James Starks,RB,26.8,9.78,16.9,0.101,0.1708,27.0,1,,
2013,2,00-0026158,Joseph Flacco,QB,13.04,-5.8,1.84,-0.0603,0.0192,27.0,1,,
2013,2,00-0029697,Jacoby Fleener,TE,18.9,-0.32,8.3,-0.0034,0.0859,27.0,1,,
2013,2,00-0030525,Tavon Austin,WR,23.5,3.7,12.8,0.0385,0.1311,27.0,1,,
2013,2,00-0026345,Pierre Garcon,WR,28.3,8.5,17.6,0.0879,0.1774,27.0,1,,
2013,2,00-0030564,DeAndre Hopkins,WR,24.7,4.9,14.0,0.051,0.1429,27.0,1,,
2013,2,00-0027825,James Dray,TE,10.6,-8.62,0.0,-0.0892,0.0,27.0,0,,
2013,2,00-0030578,Cordarrelle Patterson,RB,9.4,-7.62,-0.5,-0.079,-0.0052,27.0,0,,
2013,2,00-0022811,Jerricho Cotchery,WR,8.4,-11.4,-2.3,-0.1172,-0.024,27.0,0,,
2013,2,00-0026780,Kevin Ogletree,WR,7.5,-12.3,-3.2,-0.1262,-0.0333,27.0,0,,
2013,2,00-0027864,Ryan Mathews,RB,6.6,-10.42,-3.3,-0.1074,-0.0344,27.0,0,,
2013,2,00-0026314,Joshua Morgan,WR,5.9,-13.9,-4.8,-0.1419,-0.05,27.0,0,,
2013,2,00-0025425,Zachary Miller,TE,5.2,-14.02,-5.4,-0.1431,-0.0562,27.0,0,,
2013,2,00-0030565,Eugene Smith,QB,4.26,-14.58,-6.94,-0.1485,-0.072,27.0,0,,
2013,2,00-0028174,Stephen Burton,WR,3.4,-16.4,-7.3,-0.166,-0.0757,27.0,0,,
2013,2,00-0027891,Golden Tate,WR,2.9,-16.9,-7.8,-0.1708,-0.0808,27.0,0,,
2013,2,00-0027753,Andrew Quarless,TE,2.2,-17.02,-8.4,-0.1719,-0.0869,27.0,0,,
2013,2,00-0027888,Tobinbo Gerhart,RB,1.8,-15.22,-8.1,-0.1547,-0.0839,27.0,0,,
2013,2,00-0027325,LeGarrette Blount,RB,1.1,-15.92,-8.8,-0.1614,-0.091,27.0,0,,
2013,2,00-0029883,Joseph Fauria,TE,0.0,-19.22,-10.6,-0.1924,-0.1092,27.0,0,,
2013,2,00-0028792,Kevin Cone,WR,0.0,-19.8,-10.7,-0.1977,-0.1102,27.0,0,,
2013,2,00-0029604,Kirk Cousins,QB,0.0,-18.84,-11.2,-0.1889,-0.1152,27.0,0,,
2013,2,00-0030512,Nicholas Kasa,TE,0.0,-19.22,-10.6,-0.1924,-0.1092,27.0,0,,
2013,2,00-0027321,Jeffrey Cumberland,TE,0.0,-19.22,-10.6,-0.1924,-0.1092,27.0,0,,
2013,2,00-0022943,Benjamin Watson,TE,0.0,-19.22,-10.6,-0.1924,-0.1092,27.0,0,,
2013,2,00-0027581,Oluseyi Ajirotutu,WR,0.0,-19.8,-10.7,-0.1977,-0.1102,27.0,0,,
2013,2,00-0028091,Jeremy Kerley,WR,0.0,-19.8,-10.7,-0.1977,-0.1102,27.0,0,,
2013,2,00-0030216,Joshua Hill,TE,0.0,-19.22,-10.6,-0.1924,-0.1092,27.0,0,,
2013,2,00-0028021,Jerrel Jernigan,WR,0.0,-19.8,-10.7,-0.1977,-0.1102,27.0,0,,
2013,2,00-0029793,Brandon Williams,TE,0.0,-19.22,-10.6,-0.1924,-0.1092,27.0,0,,
2013,2,00-0026544,William Daniel,QB,0.0,-18.84,-11.2,-0.1889,-0.1152,27.0,0,,
2013,2,00-0024463,Benjamin Obomanu,WR,0.0,-19.8,-10.7,-0.1977,-0.1102,27.0,0,,
2013,2,00-0029298,Cyrus Gray,RB,0.0,-17.02,-9.9,-0.1719,-0.1022,27.0,0,,
2013,2,00-0026957,David Johnson,TE,0.0,-19.22,-10.6,-0.1924,-0.1092,27.0,0,,
2013,2,00-0027134,Curtis Painter,QB,0.0,-18.84,-11.2,-0.1889,-0.1152,27.0,0,,
2013,2,00-0027793,Antonio Brown,WR,11.7,-8.1,1.0,-0.0839,0.0104,27.0,1,,
2013,2,00-0026498,John Stafford,QB,17.22,-1.62,6.02,-0.0169,0.0626,27.0,1,,
2013,2,00-0026796,Arian Foster,RB,17.5,0.48,7.6,0.005,0.0788,27.0,1,,
2013,2,00-0029675,Trenton Richardson,RB,12.9,-4.12,3.0,-0.0429,0.0313,27.0,1,,
2013,2,00-0027950,Christian Ponder,QB,12.88,-5.96,1.68,-0.0619,0.0175,27.0,1,,
2013,2,00-0027135,Brandon Myers,TE,16.4,-2.82,5.8,-0.0294,0.0603,27.0,1,,
2013,2,00-0025389,Calvin Johnson,WR,29.6,9.8,18.9,0.1011,0.1895,27.0,1,,
2013,2,00-0024334,Brandon Marshall,WR,24.3,4.5,13.6,0.0468,0.139,27.0,1,,
2013,2,00-0027265,Victor Cruz,WR,19.8,-0.0,9.1,-0.0,0.0941,27.0,1,,
2013,2,00-0028995,Stephen Hill,WR,10.6,-9.2,-0.1,-0.0951,-0.001,27.0,0,,
2013,2,00-0029632,Mohamed Sanu,WR,9.4,-10.4,-1.3,-0.1072,-0.0136,27.0,0,,
2013,2,00-0026224,Harry Douglas,WR,8.3,-11.5,-2.4,-0.1182,-0.025,27.0,0,,
2013,2,00-0029218,David Paulson,TE,7.4,-11.82,-3.2,-0.1214,-0.0333,27.0,0,,
2013,2,00-0029293,Marvin Jones,WR,6.5,-13.3,-4.2,-0.136,-0.0437,27.0,0,,
2013,2,00-0027974,Colin Kaepernick,QB,5.78,-13.06,-5.42,-0.1337,-0.0564,27.0,0,,
2013,2,00-0029638,Michael Floyd,WR,5.2,-14.6,-5.5,-0.1487,-0.0572,27.0,0,,
2013,2,00-0026931,McKenna Pascoe,TE,4.2,-15.02,-6.4,-0.1528,-0.0665,27.0,0,,
2013,2,00-0030470,Vance McDonald,TE,3.4,-15.82,-7.2,-0.1605,-0.0747,27.0,0,,
2013,2,00-0023437,Ronnie Brown,RB,2.8,-14.22,-7.1,-0.145,-0.0737,27.0,0,,
2013,2,00-0028958,Cory Harkey,TE,2.1,-17.12,-8.5,-0.1729,-0.088,27.0,0,,
2013,2,00-0029251,David Wilson,RB,1.7,-15.32,-8.2,-0.1556,-0.0849,27.0,0,,
2013,2,00-0030485,Eddie Lacy,RB,1.0,-16.02,-8.9,-0.1624,-0.092,27.0,0,,
2013,2,00-0027057,Brandon Tate,WR,0.0,-19.8,-10.7,-0.1977,-0.1102,27.0,0,,
2013,2,00-0028198,Matthew Asiata,RB,0.0,-17.02,-9.9,-0.1719,-0.1022,27.0,0,,
2013,2,00-0028706,Armond Smith,RB,0.0,-17.02,-9.9,-0.1719,-0.1022,27.0,0,,
2013,2,00-0026644,Josh Vaughan,RB,0.0,-17.02,-9.9,-0.1719,-0.1022,27.0,0,,
2013,2,00-0028352,Dane Sanzenbacher,WR,0.0,-19.8,-10.7,-0.1977,-0.1102,27.0,0,,
2013,2,00-0030348,Khiry Robinson,RB,0.0,-17.02,-9.9,-0.1719,-0.1022,27.0,0,,
2013,2,00-0028063,Taiwan Jones,RB,0.0,-17.02,-9.9,-0.1719,-0.1022,27.0,0,,
2013,2,00-0026267,Jacob Tamme,TE,0.0,-19.22,-10.6,-0.1924,-0.1092,27.0,0,,
2013,2,00-0024243,Marcedes Lewis,TE,0.0,-19.22,-10.6,-0.1924,-0.1092,27.0,0,,
2013,2,00-0028863,Dominique Davis,QB,0.0,-18.84,-11.2,-0.1889,-0.1152,27.0,0,,
2013,2,00-0026855,Antone Smith,RB,0.0,-17.02,-9.9,-0.1719,-0.1022,27.0,0,,
2013,2,00-0024272,Devin Hester,WR,0.0,-19.8,-10.7,-0.1977,-0.1102,27.0,0,,
2013,2,00-0028307,Andrew Davis,WR,0.0,-19.8,-10.7,-0.1977,-0.1102,27.0,0,,
2013,2,00-0026008,Matthew Mulligan,TE,0.0,-19.22,-10.6,-0.1924,-0.1092,27.0,0,,
2013,2,00-0025414,Robert Meachem,WR,0.0,-19.8,-10.7,-0.1977,-0.1102,27.0,0,,
2013,2,00-0021206,Joshua McCown,QB,0.0,-18.84,-11.2,-0.1889,-0.1152,27.0,0,,
2013,2,00-0028159,Da'Rel Scott,RB,11.2,-5.82,1.3,-0.0605,0.0136,27.0,1,,
2013,2,00-0020245,Michael Vick,QB,33.32,14.48,22.12,0.1475,0.2185,27.0,1,,
2013,2,00-0025399,Marshawn Lynch,RB,34.5,17.48,24.6,0.1762,0.24,27.0,1,,
2013,2,00-0026213,Jamaal Charles,RB,24.3,7.28,14.4,0.0755,0.1468,27.0,1,,
2013,2,00-0029701,Ryan Tannehill,QB,12.86,-5.98,1.66,-0.0621,0.0173,27.0,1,,
2013,2,00-0027696,Jimmy Graham,TE,38.9,19.68,28.3,0.1966,0.2704,27.0,1,,
2013,2,00-0027685,Emmanuel Sanders,WR,12.8,-7.0,2.1,-0.0727,0.0219,27.0,1,,
2013,2,00-0027005,Hakeem Nicks,WR,12.3,-7.5,1.6,-0.0778,0.0167,27.0,1,,
2013,2,00-0028002,Randall Cobb,WR,27.8,8.0,17.1,0.0828,0.1726,27.0,1,,
2013,2,00-0027758,Riley Cooper,WR,10.5,-9.3,-0.2,-0.0961,-0.0021,27.0,0,,
2013,2,00-0006101,Anthony Gonzalez,TE,9.3,-9.92,-1.3,-0.1024,-0.0136,27.0,0,,
2013,2,00-0024240,Santonio Holmes,WR,8.1,-11.7,-2.6,-0.1202,-0.0271,27.0,0,,
2013,2,00-0027997,Gregory Little,WR,7.3,-12.5,-3.4,-0.1282,-0.0354,27.0,0,,
2013,2,00-0024221,Vernon Davis,TE,6.5,-12.72,-4.1,-0.1303,-0.0427,27.0,0,,
2013,2,00-0022127,Christopher Witten,TE,5.7,-13.52,-4.9,-0.1382,-0.051,27.0,0,,
2013,2,00-0023462,Sharod White,WR,5.1,-14.7,-5.6,-0.1497,-0.0582,27.0,0,,
2013,2,00-0027531,Christopher Ivory,RB,4.2,-12.82,-5.7,-0.1313,-0.0593,27.0,0,,
2013,2,00-0023679,William Bajema,TE,3.3,-15.92,-7.3,-0.1615,-0.0757,27.0,0,,
2013,2,00-0028994,Dominique Jones,TE,2.8,-16.42,-7.8,-0.1662,-0.0808,27.0,0,,
2013,2,00-0026937,Brandon Gibson,WR,2.1,-17.7,-8.6,-0.1783,-0.089,27.0,0,,
2013,2,00-0026373,Justin Forsett,RB,1.7,-15.32,-8.2,-0.1556,-0.0849,27.0,0,,
2013,2,00-0030414,Spencer Ware,RB,1.0,-16.02,-8.9,-0.1624,-0.092,27.0,0,,
2013,2,00-0020679,Shaun Hill,QB,0.0,-18.84,-11.2,-0.1889,-0.1152,27.0,0,,
2013,2,00-0030047,Marquess Wilson,WR,0.0,-19.8,-10.7,-0.1977,-0.1102,27.0,0,,
2013,2,00-0025439,Brian Leonard,RB,0.0,-17.02,-9.9,-0.1719,-0.1022,27.0,0,,
2013,2,00-0029654,Alfred Jenkins,WR,0.0,-19.8,-10.7,-0.1977,-0.1102,27.0,0,,
2013,2,00-0029275,Ladarius Green,TE,0.0,-19.22,-10.6,-0.1924,-0.1092,27.0,0,,
2013,2,00-0030394,Zac Dysert,QB,0.0,-18.84,-11.2,-0.1889,-0.1152,27.0,0,,
2013,2,00-0030532,Stedman Bailey,WR,0.0,-19.8,-10.7,-0.1977,-0.1102,27.0,0,,
2013,2,00-0023968,Micheal Spurlock,WR,0.0,-19.8,-10.7,-0.1977,-0.1102,27.0,0,,
2013,2,00-0029051,Jarrett Boykin,WR,0.0,-19.8,-10.7,-0.1977,-0.1102,27.0,0,,
2013,2,00-0027708,Marcus Easley,WR,0.0,-19.8,-10.7,-0.1977,-0.1102,27.0,0,,
2013,2,00-0030422,Dion Sims,TE,0.0,-19.22,-10.6,-0.1924,-0.1092,27.0,0,,
2013,2,00-0024345,Domenik Hixon,WR,0.0,-19.8,-10.7,-0.1977,-0.1102,27.0,0,,
2013,2,00-0028073,Richard Stanzi,QB,0.0,-18.84,-11.2,-0.1889,-0.1152,27.0,0,,
2013,2,00-0030465,Kenjon Barner,RB,0.0,-17.02,-9.9,-0.1719,-0.1022,27.0,0,,
2013,2,00-0027732,Michael Hoomanawanui,TE,0.0,-19.22,-10.6,-0.1924,-0.1092,27.0,0,,
2013,2,00-0030474,Joshua Boyce,WR,0.0,-19.8,-10.7,-0.1977,-0.1102,27.0,0,,
2013,2,00-0027077,Brian Hartline,WR,11.8,-8.0,1.1,-0.0829,0.0115,27.0,1,,
2013,2,00-0029668,Andrew Luck,QB,17.64,-1.2,6.44,-0.0125,0.0669,27.0,1,,
2013,2,00-0027890,Benjamin Tate,RB,13.1,-3.92,3.2,-0.0408,0.0333,27.0,1,,
2013,2,00-0026163,Rashard Mendenhall,RB,17.4,0.38,7.5,0.004,0.0778,27.0,1,,
2013,2,00-0027939,Cameron Newton,QB,16.66,-2.18,5.46,-0.0227,0.0568,27.0,1,,
2013,2,00-0028112,Charles Clay,TE,24.5,5.28,13.9,0.0549,0.1419,27.0,1,,
2013,2,00-0028052,Cecil Shorts,WR,17.3,-2.5,6.6,-0.0261,0.0685,27.0,1,,
2013,2,00-0029708,Kendall Wright,WR,18.4,-1.4,7.7,-0.0146,0.0798,27.0,1,,
2013,2,00-0026176,Jordy Nelson,WR,21.6,1.8,10.9,0.0187,0.1122,27.0,1,,
2013,2,00-0022803,Elisha Manning,QB,10.48,-8.36,-0.72,-0.0865,-0.0075,27.0,0,,
2013,2,00-0027874,Demaryius Thomas,WR,9.2,-10.6,-1.5,-0.1092,-0.0156,27.0,0,,
2013,2,00-0029634,James Hanna,TE,8.0,-11.22,-2.6,-0.1154,-0.0271,27.0,0,,
2013,2,00-0029129,Rod Streater,WR,7.2,-12.6,-3.5,-0.1291,-0.0365,27.0,0,,
2013,2,00-0028017,Leonard Hankerson,WR,6.5,-13.3,-4.2,-0.136,-0.0437,27.0,0,,
2013,2,00-0029415,Keshawn Martin,WR,5.7,-14.1,-5.0,-0.1439,-0.052,27.0,0,,
2013,2,00-0029137,Alshon Jeffery,WR,5.1,-14.7,-5.6,-0.1497,-0.0582,27.0,0,,
2013,2,00-0030522,Montee Ball,RB,4.1,-12.92,-5.8,-0.1323,-0.0603,27.0,0,,
2013,2,00-0027709,Jacoby Ford,WR,3.2,-16.6,-7.5,-0.1679,-0.0778,27.0,0,,
2013,2,00-0029640,Brian Quick,WR,2.5,-17.3,-8.2,-0.1746,-0.0849,27.0,0,,
2013,2,00-0030300,Jaron Brown,WR,2.1,-17.7,-8.6,-0.1783,-0.089,27.0,0,,
2013,2,00-0022084,Anquan Boldin,WR,1.7,-18.1,-9.0,-0.1821,-0.093,27.0,0,,
2013,2,00-0028121,Jordan Todman,RB,0.7,-16.32,-9.2,-0.1652,-0.0951,27.0,0,,
2013,2,00-0030521,Justin Hunter,WR,0.0,-19.8,-10.7,-0.1977,-0.1102,27.0,0,,
2013,2,00-0030433,Michael Gillislee,RB,0.0,-17.02,-9.9,-0.1719,-0.1022,27.0,0,,
2013,2,00-0026367,Peyton Hillis,RB,0.0,-17.02,-9.9,-0.1719,-0.1022,27.0,0,,
2013,2,00-0029567,Nicholas Foles,QB,0.0,-18.84,-11.2,-0.1889,-0.1152,27.0,0,,
2013,2,00-0030175,Ryan Spadola,WR,0.0,-19.8,-10.7,-0.1977,-0.1102,27.0,0,,
2013,2,00-0030107,Theodore Riddick,RB,0.0,-17.02,-9.9,-0.1719,-0.1022,27.0,0,,
2013,2,00-0030520,Michael Glennon,QB,0.0,-18.84,-11.2,-0.1889,-0.1152,27.0,0,,
2013,2,00-0030450,Quinton Patton,WR,0.0,-19.8,-10.7,-0.1977,-0.1102,27.0,0,,
2013,2,00-0028086,Denarius Moore,WR,0.0,-19.8,-10.7,-0.1977,-0.1102,27.0,0,,
2013,2,00-0024408,Bruce Gradkowski,QB,0.0,-18.84,-11.2,-0.1889,-0.1152,27.0,0,,
2013,2,00-0023630,Joel Dreessen,TE,0.0,-19.22,-10.6,-0.1924,-0.1092,27.0,0,,
2013,2,00-0028097,Joseph Smith,TE,0.0,-19.22,-10.6,-0.1924,-0.1092,27.0,0,,
2013,2,00-0027948,Blaine Gabbert,QB,0.0,-18.84,-11.2,-0.1889,-0.1152,27.0,0,,
2013,2,00-0028105,Ryan Whalen,WR,0.0,-19.8,-10.7,-0.1977,-0.1102,27.0,0,,
2013,2,00-0030024,Jeffrey Tuel,QB,0.0,-18.84,-11.2,-0.1889,-0.1152,27.0,0,,
2013,2,00-0025708,Matthew Moore,QB,0.0,-18.84,-11.2,-0.1889,-0.1152,27.0,0,,
2013,2,00-0027218,Joique Bell,RB,12.2,-4.82,2.3,-0.0501,0.024,27.0,1,,
2013,2,00-0010346,Peyton Manning,QB,19.98,1.14,8.78,0.0119,0.0908,27.0,1,,
2013,2,00-0026144,Darren McFadden,RB,17.7,0.68,7.8,0.0071,0.0808,27.0,1,,
2013,2,00-0026184,Matthew Forte,RB,24.1,7.08,14.2,0.0735,0.1448,27.0,1,,
2013,2,00-0027973,Andrew Dalton,QB,16.2,-2.64,5.0,-0.0275,0.052,27.0,1,,
2013,2,00-0028040,Jordan Cameron,TE,17.0,-2.22,6.4,-0.0232,0.0665,27.0,1,,
2013,2,00-0022414,Malcom Floyd,WR,15.2,-4.6,4.5,-0.0479,0.0468,27.0,1,,
2013,2,00-0030540,Aaron Dobson,WR,14.6,-5.2,3.9,-0.0541,0.0406,27.0,1,,
2013,2,00-0027996,James Smith,WR,15.5,-4.3,4.8,-0.0448,0.05,27.0,1,,
2013,2,00-0024466,Marques Colston,WR,10.3,-9.5,-0.4,-0.0981,-0.0042,27.0,0,,
2013,2,00-0028825,Terrelle Pryor,WR,9.04,-10.76,-1.66,-0.1108,-0.0173,27.0,0,,
2013,2,00-0023367,Nathaniel Washington,WR,8.0,-11.8,-2.7,-0.1212,-0.0281,27.0,0,,
2013,2,00-0029108,Derek Moye,WR,7.1,-12.7,-3.6,-0.1301,-0.0375,27.0,0,,
2013,2,00-0023545,Brandon Jacobs,RB,6.4,-10.62,-3.5,-0.1094,-0.0365,27.0,0,,
2013,2,00-0024268,Anthony Fasano,TE,5.6,-13.62,-5.0,-0.1392,-0.052,27.0,0,,
2013,2,00-0028000,Daniel Thomas,RB,5.0,-12.02,-4.9,-0.1234,-0.051,27.0,0,,
2013,2,00-0028011,Stevan Ridley,RB,4.0,-13.02,-5.9,-0.1332,-0.0613,27.0,0,,
2013,2,00-0029269,Travis Benjamin,WR,3.2,-16.6,-7.5,-0.1679,-0.0778,27.0,0,,
2013,2,00-0027061,Jared Cook,TE,2.5,-16.72,-8.1,-0.1691,-0.0839,27.0,0,,
2013,2,00-0029311,Kenneth Hemingway,WR,2.0,-17.8,-8.7,-0.1792,-0.09,27.0,0,,
2013,2,00-0027356,Marlon Moore,WR,1.6,-18.2,-9.1,-0.183,-0.0941,27.0,0,,
2013,2,00-0029004,Lance Dunbar,RB,0.6,-16.42,-9.3,-0.1662,-0.0961,27.0,0,,
2013,2,00-0026899,Shonn Greene,RB,0.0,-17.02,-9.9,-0.1719,-0.1022,27.0,0,,
2013,2,00-0029601,Brandon Bostick,TE,0.0,-19.22,-10.6,-0.1924,-0.1092,27.0,0,,
2013,2,00-0029492,Jamize Olawale,RB,0.0,-17.02,-9.9,-0.1719,-0.1022,27.0,0,,
2013,2,00-0028542,Lestar Jean,WR,0.0,-19.8,-10.7,-0.1977,-0.1102,27.0,0,,
2013,2,00-0030147,Russell Shepard,WR,0.0,-19.8,-10.7,-0.1977,-0.1102,27.0,0,,
2013,2,00-0030404,Christopher Thompson,RB,0.0,-17.02,-9.9,-0.1719,-0.1022,27.0,0,,
2013,2,00-0028042,Lucas Stocker,TE,0.0,-19.22,-10.6,-0.1924,-0.1092,27.0,0,,
2013,2,00-0030524,Matthew Jones,QB,0.0,-18.84,-11.2,-0.1889,-0.1152,27.0,0,,
2013,2,00-0022864,Luke McCown,QB,0.0,-18.84,-11.2,-0.1889,-0.1152,27.0,0,,
2013,2,00-0029854,Cortrelle Anderson,RB,0.0,-17.02,-9.9,-0.1719,-0.1022,27.0,0,,
2013,2,00-0023541,Kyle Orton,QB,0.0,-18.84,-11.2,-0.1889,-0.1152,27.0,0,,
2013,2,00-0026035,Daniel Amendola,WR,0.0,-19.8,-10.7,-0.1977,-0.1102,27.0,0,,
2013,2,00-0029155,William Brown,WR,0.0,-19.8,-10.7,-0.1977,-0.1102,27.0,0,,
2013,2,00-0030388,Joseph Randle,RB,0.0,-17.02,-9.9,-0.1719,-0.1022,27.0,0,,
2013,2,00-0029227,Patrick Edwards,WR,0.0,-19.8,-10.7,-0.1977,-0.1102,27.0,0,,
2013,2,00-0023506,Edwin Smith,TE,0.0,-19.22,-10.6,-0.1924,-0.1092,27.0,0,,
2013,2,00-0030472,Jordan Reed,TE,12.3,-6.92,1.7,-0.0718,0.0177,27.0,1,,
2013,2,00-0027854,Samuel Bradford,QB,26.58,7.74,15.38,0.0802,0.1562,27.0,1,,
2013,2,00-0027861,Clifford Spiller,RB,14.7,-2.32,4.8,-0.0242,0.05,27.0,1,,
2013,2,00-0025637,Ahmad Bradshaw,RB,17.4,0.38,7.5,0.004,0.0778,27.0,1,,
2013,2,00-0021678,Antonio Romo,QB,14.22,-4.62,3.02,-0.0481,0.0315,27.0,1,,
2013,2,00-0027873,Jermaine Gresham,TE,15.6,-3.62,5.0,-0.0378,0.052,27.0,1,,
2013,2,00-0028016,Austin Pettis,WR,21.8,2.0,11.1,0.0208,0.1142,27.0,1,,
2013,2,00-0026901,Burnell Wallace,WR,26.5,6.7,15.8,0.0695,0.1603,27.0,1,,
2013,2,00-0029614,Christopher Givens,WR,15.5,-4.3,4.8,-0.0448,0.05,27.0,1,,
2013,2,00-0020337,Stevonne Smith,WR,10.2,-9.6,-0.5,-0.0991,-0.0052,27.0,0,,
2013,2,00-0025860,BenJarvus Green-Ellis,RB,9.0,-8.02,-0.9,-0.083,-0.0094,27.0,0,,
2013,2,00-0027608,Kyle Williams,WR,7.9,-11.9,-2.8,-0.1222,-0.0292,27.0,0,,
2013,2,00-0028606,Kerry Taylor,WR,7.0,-12.8,-3.7,-0.1311,-0.0385,27.0,0,,
2013,2,00-0028049,Edmond Gates,WR,6.2,-13.6,-4.5,-0.139,-0.0468,27.0,0,,
2013,2,00-0025516,William Chandler,TE,5.5,-13.72,-5.1,-0.1402,-0.0531,27.0,0,,
2013,2,00-0027780,Nathan Byham,TE,4.9,-14.32,-5.7,-0.146,-0.0593,27.0,0,,
2013,2,00-0023500,Franklin Gore,RB,4.0,-13.02,-5.9,-0.1332,-0.0613,27.0,0,,
2013,2,00-0026566,Isaac Redman,RB,3.1,-13.92,-6.8,-0.1421,-0.0706,27.0,0,,
2013,2,00-0023310,Lance Moore,WR,2.5,-17.3,-8.2,-0.1746,-0.0849,27.0,0,,
2013,2,00-0028651,Michael McNeill,TE,2.0,-17.22,-8.6,-0.1738,-0.089,27.0,0,,
2013,2,00-0027346,Alfonso Smith,RB,1.6,-15.42,-8.3,-0.1566,-0.0859,27.0,0,,
2013,2,00-0027772,Anthony Dixon,RB,0.4,-16.62,-9.5,-0.1681,-0.0981,27.0,0,,
2013,2,00-0028034,Alexander Green,RB,0.0,-17.02,-9.9,-0.1719,-0.1022,27.0,0,,
2013,2,00-0029091,Bradley Sowell,TE,0.0,-19.22,-10.6,-0.1924,-0.1092,27.0,0,,
2013,2,00-0030419,Matthew McGloin,QB,0.0,-18.84,-11.2,-0.1889,-0.1152,27.0,0,,
2013,2,00-0030288,Michael Burkhead,RB,0.0,-17.02,-9.9,-0.1719,-0.1022,27.0,0,,
2013,2,00-0027069,Chase Coffman,TE,0.0,-19.22,-10.6,-0.1924,-0.1092,27.0,0,,
2013,2,00-0030068,Marquise Goodwin,WR,0.0,-19.8,-10.7,-0.1977,-0.1102,27.0,0,,
2013,2,00-0025487,Michael Bush,RB,0.0,-17.02,-9.9,-0.1719,-0.1022,27.0,0,,
2013,2,00-0023662,Matthew Cassel,QB,0.0,-18.84,-11.2,-0.1889,-0.1152,27.0,0,,
2013,2,00-0026577,Marcus Thigpen,WR,0.0,-19.8,-10.7,-0.1977,-0.1102,27.0,0,,
2013,2,00-0029159,Jermaine Kearse,WR,0.0,-19.8,-10.7,-0.1977,-0.1102,27.0,0,,
2013,2,00-0027995,Mikel Leshoure,RB,0.0,-17.02,-9.9,-0.1719,-0.1022,27.0,0,,
2013,2,00-0026300,Joshua Johnson,QB,0.0,-18.84,-11.2,-0.1889,-0.1152,27.0,0,,
2013,2,00-0024296,Charlie Whitehurst,QB,0.0,-18.84,-11.2,-0.1889,-0.1152,27.0,0,,
2013,2,00-0029587,Rhett Ellison,TE,0.0,-19.22,-10.6,-0.1924,-0.1092,27.0,0,,
2013,2,00-0030496,Le'Veon Bell,RB,0.0,-17.02,-9.9,-0.1719,-0.1022,27.0,0,,
2013,2,00-0028045,Kristopher Durham,WR,0.0,-19.8,-10.7,-0.1977,-0.1102,27.0,0,,
2013,2,00-0023564,Darren Sproles,RB,12.2,-4.82,2.3,-0.0501,0.024,27.0,1,,
2013,2,00-0023436,Alexander Smith,QB,22.62,3.78,11.42,0.0394,0.1174,27.0,1,,
2013,2,00-0027029,LeSean McCoy,RB,21.7,4.68,11.8,0.0487,0.1212,27.0,1,,
2013,2,00-0029613,Douglas Martin,RB,14.4,-2.62,4.5,-0.0273,0.0468,27.0,1,,
2013,2,00-0030526,Erik Manuel,QB,15.14,-3.7,3.94,-0.0386,0.041,27.0,1,,
2013,2,00-0027981,Kyle Rudolph,TE,14.7,-4.52,4.1,-0.0471,0.0427,27.0,1,,
2013,2,00-0025396,Theodore Ginn,WR,15.2,-4.6,4.5,-0.0479,0.0468,27.0,1,,
2013,2,00-0030431,Robert Woods,WR,13.1,-6.7,2.4,-0.0696,0.025,27.0,1,,
2013,2,00-0025465,James Jones,WR,26.8,7.0,16.1,0.0726,0.1631,27.0,1,,
2013,2,00-0027942,Adriel Green,WR,10.1,-9.7,-0.6,-0.1002,-0.0063,27.0,0,,
2013,2,00-0030061,Zachary Ertz,TE,8.8,-10.42,-1.8,-0.1074,-0.0188,27.0,0,,
2013,2,00-0024324,Jason Avant,WR,7.9,-11.9,-2.8,-0.1222,-0.0292,27.0,0,,
2013,2,00-0026186,Jerome Simpson,WR,6.9,-12.9,-3.8,-0.1321,-0.0396,27.0,0,,
2013,2,00-0029391,Sean McGrath,TE,6.1,-13.12,-4.5,-0.1343,-0.0468,27.0,0,,
2013,2,00-0026195,Raymell Rice,RB,5.5,-11.52,-4.4,-0.1184,-0.0458,27.0,0,,
2013,2,00-0029033,Griffith Whalen,WR,4.8,-15.0,-5.9,-0.1526,-0.0613,27.0,0,,
2013,2,00-0029626,Isaiah Pead,RB,3.9,-13.12,-6.0,-0.1342,-0.0623,27.0,0,,
2013,2,00-0029273,Robert Turbin,RB,3.1,-13.92,-6.8,-0.1421,-0.0706,27.0,0,,
2013,2,00-0030544,Gavin Escobar,TE,2.4,-16.82,-8.2,-0.17,-0.0849,27.0,0,,
2013,2,00-0028142,Virgil Green,TE,2.0,-17.22,-8.6,-0.1738,-0.089,27.0,0,,
2013,2,00-0029552,Jeremy Ebert,WR,1.5,-18.3,-9.2,-0.1839,-0.0951,27.0,0,,
2013,2,00-0029683,Ronnie Hillman,RB,0.3,-16.72,-9.6,-0.169,-0.0991,27.0,0,,
2013,2,00-0029441,Jeremy Stewart,RB,0.0,-17.02,-9.9,-0.1719,-0.1022,27.0,0,,
2013,2,00-0026932,Cedric Peerman,RB,0.0,-17.02,-9.9,-0.1719,-0.1022,27.0,0,,
2013,2,00-0024276,Anthony Scheffler,TE,0.0,-19.22,-10.6,-0.1924,-0.1092,27.0,0,,
2013,2,00-0029098,Eric Page,WR,0.0,-19.8,-10.7,-0.1977,-0.1102,27.0,0,,
2013,2,00-0030547,Denard Robinson,RB,0.0,-17.02,-9.9,-0.1719,-0.1022,27.0,0,,
2013,2,00-0029281,Adrien Robinson,TE,0.0,-19.22,-10.6,-0.1924,-0.1092,27.0,0,,
2013,2,00-0027692,Armanti Edwards,WR,0.0,-19.8,-10.7,-0.1977,-0.1102,27.0,0,,
2013,2,00-0028079,David Williams,TE,0.0,-19.22,-10.6,-0.1924,-0.1092,27.0,0,,
2013,2,00-0029731,Foswhitt Whittaker,RB,0.0,-17.02,-9.9,-0.1719,-0.1022,27.0,0,,
2013,2,00-0030181,John Doyle,TE,0.0,-19.22,-10.6,-0.1924,-0.1092,27.0,0,,
2013,2,00-0026298,Kellen Davis,TE,0.0,-19.22,-10.6,-0.1924,-0.1092,27.0,0,,
2013,2,00-0026281,Gary Barnidge,TE,0.0,-19.22,-10.6,-0.1924,-0.1092,27.0,0,,
2013,2,00-0027109,James Casey,TE,0.0,-19.22,-10.6,-0.1924,-0.1092,27.0,0,,
2013,2,00-0030089,Luke Willson,TE,0.0,-19.22,-10.6,-0.1924,-0.1092,27.0,0,,
2013,2,00-0029239,Brandon Bolden,RB,0.0,-17.02,-9.9,-0.1719,-0.1022,27.0,0,,
2013,2,00-0030151,Tyler Bray,QB,0.0,-18.84,-11.2,-0.1889,-0.1152,27.0,0,,
2013,2,00-0030549,Tyler Eifert,TE,11.1,-8.12,0.5,-0.0841,0.0052,27.0,1,,
2013,2,00-0022942,Philip Rivers,QB,29.86,11.02,18.66,0.1134,0.1872,27.0,1,,
2013,2,00-0026019,Danny Woodhead,RB,14.4,-2.62,4.5,-0.0273,0.0468,27.0,1,,
2013,2,00-0029264,Bernard Pierce,RB,12.5,-4.52,2.6,-0.047,0.0271,27.0,1,,
2013,2,00-0020531,Drew Brees,QB,11.88,-6.96,0.68,-0.0722,0.0071,27.0,1,,
2013,2,00-0025418,Greg Olsen,TE,24.9,5.68,14.3,0.059,0.1458,27.0,1,,
2013,2,00-0026364,Steven Johnson,WR,25.1,5.3,14.4,0.0551,0.1468,27.0,1,,
2013,2,00-0025410,Dwayne Bowe,WR,15.6,-4.2,4.9,-0.0438,0.051,27.0,1,,
2013,2,00-0022427,Wesley Welker,WR,12.9,-6.9,2.2,-0.0716,0.0229,27.0,1,,
2013,2,00-0029263,Russell Wilson,QB,9.98,-8.86,-1.22,-0.0916,-0.0127,27.0,0,,
2013,2,00-0026000,Davone Bess,WR,8.8,-11.0,-1.9,-0.1132,-0.0198,27.0,0,,
2013,2,00-0022736,Steven Jackson,RB,7.8,-9.22,-2.1,-0.0953,-0.0219,27.0,0,,
2013,2,00-0027006,Kenneth Britt,WR,6.8,-13.0,-3.9,-0.1331,-0.0406,27.0,0,,
2013,2,00-0023921,Miles Austin,WR,6.1,-13.7,-4.6,-0.14,-0.0479,27.0,0,,
2013,2,00-0030542,Terrance Williams,WR,5.5,-14.3,-5.2,-0.1458,-0.0541,27.0,0,,
2013,2,00-0026237,Andre Caldwell,WR,4.6,-15.2,-6.1,-0.1545,-0.0634,27.0,0,,
2013,2,00-0028267,Allen Reisner,TE,3.9,-15.32,-6.7,-0.1557,-0.0696,27.0,0,,
2013,2,00-0029572,Jarius Wright,WR,3.1,-16.7,-7.6,-0.1689,-0.0788,27.0,0,,
2013,2,00-0029429,Bryce Brown,RB,2.4,-14.62,-7.5,-0.1489,-0.0778,27.0,0,,
2013,2,00-0027966,Mark Ingram,RB,2.0,-15.02,-7.9,-0.1528,-0.0818,27.0,0,,
2013,2,00-0028876,Collin Mooney,RB,1.5,-15.52,-8.4,-0.1576,-0.0869,27.0,0,,
2013,2,00-0023460,Jason Campbell,QB,0.24,-18.6,-10.96,-0.1867,-0.1128,27.0,0,,
2013,2,00-0030506,Travis Kelce,TE,0.0,-19.22,-10.6,-0.1924,-0.1092,27.0,0,,
2013,2,00-0029151,Matthew Simms,QB,0.0,-18.84,-11.2,-0.1889,-0.1152,27.0,0,,
2013,2,00-0028543,Jeffrey Maehl,WR,0.0,-19.8,-10.7,-0.1977,-0.1102,27.0,0,,
2013,2,00-0030128,Michael Cox,RB,0.0,-17.02,-9.9,-0.1719,-0.1022,27.0,0,,
2013,2,00-0028156,Ryan Taylor,TE,0.0,-19.22,-10.6,-0.1924,-0.1092,27.0,0,,
2013,2,00-0029494,Joseph Anderson,WR,0.0,-19.8,-10.7,-0.1977,-0.1102,27.0,0,,
2013,2,00-0024279,Tarvaris Jackson,QB,0.0,-18.84,-11.2,-0.1889,-0.1152,27.0,0,,
2013,2,00-0030432,Christine Michael,RB,0.0,-17.02,-9.9,-0.1719,-0.1022,27.0,0,,
2013,2,00-0027202,Michael Palmer,TE,0.0,-19.22,-10.6,-0.1924,-0.1092,27.0,0,,
2013,2,00-0029438,Christopher Polk,RB,0.0,-17.02,-9.9,-0.1719,-0.1022,27.0,0,,
2013,2,00-0027583,Richard Brockel,TE,0.0,-19.22,-10.6,-0.1924,-0.1092,27.0,0,,
2013,2,00-0028237,Christopher Hogan,WR,0.0,-19.8,-10.7,-0.1977,-0.1102,27.0,0,,
2013,2,00-0029694,Michael Egnew,TE,0.0,-19.22,-10.6,-0.1924,-0.1092,27.0,0,,
2013,2,00-0028012,Ryan Mallett,QB,0.0,-18.84,-11.2,-0.1889,-0.1152,27.0,0,,
2013,2,00-0023645,Derek Anderson,QB,0.0,-18.84,-11.2,-0.1889,-0.1152,27.0,0,,
2013,2,00-0028238,Konrad Reuland,TE,0.0,-19.22,-10.6,-0.1924,-0.1092,27.0,0,,
2013,2,00-0021999,Nathaniel Burleson,WR,10.7,-9.1,0.0,-0.0941,0.0,27.0,0,,
2013,2,00-0029665,Robert Griffin,QB,22.9,4.06,11.7,0.0423,0.1202,27.0,1,,
2013,2,00-0029615,Lamar Miller,RB,15.5,-1.52,5.6,-0.0158,0.0582,27.0,1,,
2013,2,00-0026988,Knowshon Moreno,RB,25.7,8.68,15.8,0.0898,0.1603,27.0,1,,
2013,2,00-0027946,Jacob Locker,QB,13.92,-4.92,2.72,-0.0512,0.0284,27.0,1,,
2013,2,00-0026201,Martellus Bennett,TE,30.1,10.88,19.5,0.112,0.195,27.0,1,,
2013,2,00-0024267,Gregory Jennings,WR,13.4,-6.4,2.7,-0.0665,0.0281,27.0,1,,
2013,2,00-0030400,Marlon Brown,WR,14.5,-5.3,3.8,-0.0551,0.0396,27.0,1,,
2013,2,00-0029608,Eugene Hilton,WR,18.4,-1.4,7.7,-0.0146,0.0798,27.0,1,,
2013,2,00-0024217,Reginald Bush,RB,9.9,-7.12,0.0,-0.0738,0.0,27.0,0,,
2013,2,00-0024813,Charles Thomas,RB,8.8,-8.22,-1.1,-0.0851,-0.0115,27.0,0,,
2013,2,00-0026996,Brandon Pettigrew,TE,7.7,-11.52,-2.9,-0.1184,-0.0302,27.0,0,,
2013,2,00-0030000,Kenbrell Thompkins,WR,6.7,-13.1,-4.0,-0.1341,-0.0417,27.0,0,,
2013,2,00-0028434,Douglas Baldwin,WR,6.1,-13.7,-4.6,-0.14,-0.0479,27.0,0,,
2013,2,00-0030279,Keenan Allen,WR,5.4,-14.4,-5.3,-0.1468,-0.0551,27.0,0,,
2013,2,00-0027155,Rashad Jennings,RB,4.4,-12.62,-5.5,-0.1293,-0.0572,27.0,0,,
2013,2,00-0026210,Earl Bennett,WR,3.9,-15.9,-6.8,-0.1613,-0.0706,27.0,0,,
2013,2,00-0030516,Brice Butler,WR,3.0,-16.8,-7.7,-0.1698,-0.0798,27.0,0,,
2013,2,00-0022165,Dallas Clark,TE,2.3,-16.92,-8.3,-0.171,-0.0859,27.0,0,,
2013,2,00-0030085,Kenneth Stills,WR,2.0,-17.8,-8.7,-0.1792,-0.09,27.0,0,,
2013,2,00-0028114,Dwayne Harris,WR,1.4,-18.4,-9.3,-0.1848,-0.0961,27.0,0,,
2013,2,00-0030282,Stepfan Taylor,RB,0.2,-16.82,-9.7,-0.17,-0.1001,27.0,0,,
2013,2,00-0027089,Louis Murphy,WR,0.0,-19.8,-10.7,-0.1977,-0.1102,27.0,0,,
2013,2,00-0029667,Nicholas Toon,WR,0.0,-19.8,-10.7,-0.1977,-0.1102,27.0,0,,
2013,2,00-0030117,Kerwynn Williams,RB,0.0,-17.02,-9.9,-0.1719,-0.1022,27.0,0,,
2013,2,00-0030586,Ryan Nassib,QB,0.0,-18.84,-11.2,-0.1889,-0.1152,27.0,0,,
2013,2,00-0027675,Edward Dickson,TE,0.0,-19.22,-10.6,-0.1924,-0.1092,27.0,0,,
2013,2,00-0028453,Patrick Devlin,QB,0.0,-18.84,-11.2,-0.1889,-0.1152,27.0,0,,
2013,2,00-0028353,Andre Smith,TE,0.0,-19.22,-10.6,-0.1924,-0.1092,27.0,0,,
2013,2,00-0022121,Rex Grossman,QB,0.0,-18.84,-11.2,-0.1889,-0.1152,27.0,0,,
2013,2,00-0007091,Matthew Hasselbeck,QB,0.0,-18.84,-11.2,-0.1889,-0.1152,27.0,0,,
2013,2,00-0028061,Tandon Doss,WR,0.0,-19.8,-10.7,-0.1977,-0.1102,27.0,0,,
2013,2,00-0029414,Orson Charles,TE,0.0,-19.22,-10.6,-0.1924,-0.1092,27.0,0,,
2013,2,00-0028596,Norristorius Gurley,WR,0.0,-19.8,-10.7,-0.1977,-0.1102,27.0,0,,
2013,2,00-0025542,Dante Rosario,TE,0.0,-19.22,-10.6,-0.1924,-0.1092,27.0,0,,
2013,2,00-0028249,Jeremy Ross,WR,0.0,-19.8,-10.7,-0.1977,-0.1102,27.0,0,,
2013,2,00-0030134,Michael Ford,RB,0.0,-17.02,-9.9,-0.1719,-0.1022,27.0,0,,
2013,2,00-0022847,Benjamin Hartsock,TE,0.0,-19.22,-10.6,-0.1924,-0.1092,27.0,0,,
2013,2,00-0027725,Clayton Harbor,TE,13.9,-5.32,3.3,-0.0554,0.0344,27.0,1,,
2013,2,00-0024226,Jay Cutler,QB,18.58,-0.26,7.38,-0.0027,0.0765,27.0,1,,
2013,2,00-0028009,DeMarco Murray,RB,12.4,-4.62,2.5,-0.0481,0.0261,27.0,1,,
2013,2,00-0029612,Daryl Richardson,RB,13.0,-4.02,3.1,-0.0418,0.0323,27.0,1,,
2013,2,00-0021429,Carson Palmer,QB,11.72,-7.12,0.52,-0.0739,0.0054,27.0,1,,
2013,2,00-0026231,Jermichael Finley,TE,21.5,2.28,10.9,0.0237,0.1122,27.0,1,,
2013,2,00-0020494,Santana Moss,WR,13.1,-6.7,2.4,-0.0696,0.025,27.0,1,,
2013,2,00-0022044,Andre Johnson,WR,15.6,-4.2,4.9,-0.0438,0.051,27.0,1,,
2013,2,00-0027944,Quintorres Jones,WR,35.2,15.4,24.5,0.1564,0.2392,27.0,1,,
2013,2,00-0029677,Brandon Weeden,QB,9.78,-9.06,-1.42,-0.0937,-0.0148,27.0,0,,
2013,2,00-0028083,Jacquizz Rodgers,RB,8.5,-8.52,-1.4,-0.0881,-0.0146,27.0,0,,
2013,2,00-0030514,Mychal Rivera,TE,7.7,-11.52,-2.9,-0.1184,-0.0302,27.0,0,,
2013,2,00-0026993,Josh Freeman,QB,6.6,-12.24,-4.6,-0.1256,-0.0479,27.0,0,,
2013,2,00-0022922,Kellen Winslow,TE,6.1,-13.12,-4.5,-0.1343,-0.0468,27.0,0,,
2013,2,00-0027681,Brandon LaFell,WR,5.3,-14.5,-5.4,-0.1478,-0.0562,27.0,0,,
2013,2,00-0027140,Christopher Ogbonnaya,RB,4.4,-12.62,-5.5,-0.1293,-0.0572,27.0,0,,
2013,2,00-0024275,Maurice Jones-Drew,RB,3.8,-13.22,-6.1,-0.1352,-0.0634,27.0,0,,
2013,2,00-0026983,Darrius Heyward-Bey,WR,3.0,-16.8,-7.7,-0.1698,-0.0798,27.0,0,,
2013,2,00-0028116,Aldrick Robinson,WR,2.3,-17.5,-8.4,-0.1764,-0.0869,27.0,0,,
2013,2,00-0030443,Levine Toilolo,TE,1.9,-17.32,-8.7,-0.1748,-0.09,27.0,0,,
2013,2,00-0025701,Ewart Battle,RB,1.3,-15.72,-8.6,-0.1595,-0.089,27.0,0,,
2013,2,00-0027786,Jonathan Dwyer,RB,0.2,-16.82,-9.7,-0.17,-0.1001,27.0,0,,
2013,2,00-0021570,Kassim Osgood,WR,0.0,-19.8,-10.7,-0.1977,-0.1102,27.0,0,,
2013,2,00-0027445,Jeron Mastrud,TE,0.0,-19.22,-10.6,-0.1924,-0.1092,27.0,0,,
2013,2,00-0030049,Christopher Gragg,TE,0.0,-19.22,-10.6,-0.1924,-0.1092,27.0,0,,
2013,2,00-0028903,Garrett Celek,TE,0.0,-19.22,-10.6,-0.1924,-0.1092,27.0,0,,
2013,2,00-0025951,Darius Reynaud,RB,0.0,-17.02,-9.9,-0.1719,-0.1022,27.0,0,,
2013,2,00-0030292,Brad Sorensen,QB,0.0,-18.84,-11.2,-0.1889,-0.1152,27.0,0,,
2013,2,00-0023465,Earl Miller,TE,0.0,-19.22,-10.6,-0.1924,-0.1092,27.0,0,,
2013,2,00-0030078,Johnathan Franklin,RB,0.0,-17.02,-9.9,-0.1719,-0.1022,27.0,0,,
2013,2,00-0027893,Damian Williams,WR,0.0,-19.8,-10.7,-0.1977,-0.1102,27.0,0,,
2013,2,00-0029795,Benjamin Cunningham,RB,0.0,-17.02,-9.9,-0.1719,-0.1022,27.0,0,,
2013,2,00-0029910,Timothy Wright,TE,0.0,-19.22,-10.6,-0.1924,-0.1092,27.0,0,,
2013,2,00-0030391,Michael James,RB,0.0,-17.02,-9.9,-0.1719,-0.1022,27.0,0,,
2013,2,00-0029580,Rishard Matthews,WR,0.0,-19.8,-10.7,-0.1977,-0.1102,27.0,0,,
2013,2,00-0027964,Jonathan Baldwin,WR,0.0,-19.8,-10.7,-0.1977,-0.1102,27.0,0,,
2013,2,00-0027349,Stephen Williams,WR,0.0,-19.8,-10.7,-0.1977,-0.1102,27.0,0,,
2013,2,00-0028053,Kendall Hunter,RB,-0.7,-17.72,-10.6,-0.1785,-0.1092,27.0,0,,
2013,3,00-0029137,Alshon Jeffery,WR,11.1,-6.46,0.6,-0.0717,0.0067,25.3,1,,
2013,3,00-0030565,Eugene Smith,QB,24.64,6.2,14.18,0.0688,0.1541,25.3,1,,
2013,3,00-0028064,Bilal Powell,RB,17.8,0.93,7.4,0.0103,0.082,25.3,1,,
2013,3,00-0029239,Brandon Bolden,RB,15.0,-1.87,4.6,-0.0209,0.0512,25.3,1,,
2013,3,00-0019596,Thomas Brady,QB,15.5,-2.94,5.04,-0.0328,0.056,25.3,1,,
2013,3,00-0021547,Antonio Gates,TE,19.0,1.69,8.4,0.0189,0.0928,25.3,1,,
2013,3,00-0027996,James Smith,WR,14.2,-3.36,3.7,-0.0374,0.0412,25.3,1,,
2013,3,00-0029708,Kendall Wright,WR,13.1,-4.46,2.6,-0.0496,0.029,25.3,1,,
2013,3,00-0027891,Golden Tate,WR,16.7,-0.86,6.2,-0.0096,0.0688,25.3,1,,
2013,3,00-0022165,Dallas Clark,TE,10.6,-6.71,0.0,-0.0744,0.0,25.3,0,,
2013,3,00-0028016,Austin Pettis,WR,10.0,-7.56,-0.5,-0.0837,-0.0056,25.3,0,,
2013,3,00-0028053,Kendall Hunter,RB,8.8,-8.07,-1.6,-0.0893,-0.0178,25.3,0,,
2013,3,00-0026993,Josh Freeman,QB,7.84,-10.6,-2.62,-0.1165,-0.0292,25.3,0,,
2013,3,00-0025487,Michael Bush,RB,6.9,-9.97,-3.5,-0.1098,-0.039,25.3,0,,
2013,3,00-0026796,Arian Foster,RB,6.2,-10.67,-4.2,-0.1173,-0.0467,25.3,0,,
2013,3,00-0027265,Victor Cruz,WR,5.5,-12.06,-5.0,-0.132,-0.0556,25.3,0,,
2013,3,00-0026197,Chad Henne,QB,4.9,-13.54,-5.56,-0.1475,-0.0618,25.3,0,,
2013,3,00-0022803,Elisha Manning,QB,4.16,-14.28,-6.3,-0.1552,-0.0699,25.3,0,,
2013,3,00-0021429,Carson Palmer,QB,3.48,-14.96,-6.98,-0.1621,-0.0774,25.3,0,,
2013,3,00-0030400,Marlon Brown,WR,2.6,-14.96,-7.9,-0.1621,-0.0874,25.3,0,,
2013,3,00-0027893,Damian Williams,WR,1.9,-15.66,-8.6,-0.1692,-0.095,25.3,0,,
2013,3,00-0023310,Lance Moore,WR,1.6,-15.96,-8.9,-0.1723,-0.0983,25.3,0,,
2013,3,00-0026349,Matthew Flynn,QB,0.76,-17.68,-9.7,-0.1895,-0.1069,25.3,0,,
2013,3,00-0027725,Clayton Harbor,TE,0.0,-17.31,-10.6,-0.1858,-0.1165,25.3,0,,
2013,3,00-0028792,Kevin Cone,WR,0.0,-17.56,-10.5,-0.1883,-0.1155,25.3,0,,
2013,3,00-0027445,Jeron Mastrud,TE,0.0,-17.31,-10.6,-0.1858,-0.1165,25.3,0,,
2013,3,00-0030512,Nicholas Kasa,TE,0.0,-17.31,-10.6,-0.1858,-0.1165,25.3,0,,
2013,3,00-0024217,Reginald Bush,RB,0.0,-16.87,-10.4,-0.1815,-0.1144,25.3,0,,
2013,3,00-0030068,Marquise Goodwin,WR,0.0,-17.56,-10.5,-0.1883,-0.1155,25.3,0,,
2013,3,00-0027581,Oluseyi Ajirotutu,WR,0.0,-17.56,-10.5,-0.1883,-0.1155,25.3,0,,
2013,3,00-0030450,Quinton Patton,WR,0.0,-17.56,-10.5,-0.1883,-0.1155,25.3,0,,
2013,3,00-0026577,Marcus Thigpen,WR,0.0,-17.56,-10.5,-0.1883,-0.1155,25.3,0,,
2013,3,00-0029438,Christopher Polk,RB,0.0,-16.87,-10.4,-0.1815,-0.1144,25.3,0,,
2013,3,00-0030300,Jaron Brown,WR,0.0,-17.56,-10.5,-0.1883,-0.1155,25.3,0,,
2013,3,00-0028237,Christopher Hogan,WR,0.0,-17.56,-10.5,-0.1883,-0.1155,25.3,0,,
2013,3,00-0030043,Da'Rick Rogers,WR,0.0,-17.56,-10.5,-0.1883,-0.1155,25.3,0,,
2013,3,00-0030085,Kenneth Stills,WR,0.0,-17.56,-10.5,-0.1883,-0.1155,25.3,0,,
2013,3,00-0023506,Edwin Smith,TE,0.0,-17.31,-10.6,-0.1858,-0.1165,25.3,0,,
2013,3,00-0027215,James Paulsen,TE,11.1,-6.21,0.5,-0.0689,0.0056,25.3,1,,
2013,3,00-0027939,Cameron Newton,QB,29.42,10.98,18.96,0.1206,0.202,25.3,1,,
2013,3,00-0029683,Ronnie Hillman,RB,14.8,-2.07,4.4,-0.0231,0.049,25.3,1,,
2013,3,00-0028083,Jacquizz Rodgers,RB,11.3,-5.57,0.9,-0.0619,0.01,25.3,1,,
2013,3,00-0023459,Aaron Rodgers,QB,12.16,-6.28,1.7,-0.0697,0.019,25.3,1,,
2013,3,00-0025516,William Chandler,TE,21.4,4.09,10.8,0.0456,0.1187,25.3,1,,
2013,3,00-0027793,Antonio Brown,WR,40.6,23.04,30.1,0.2403,0.3,25.3,1,,
2013,3,00-0022427,Wesley Welker,WR,21.4,3.84,10.9,0.0428,0.1197,25.3,1,,
2013,3,00-0030564,DeAndre Hopkins,WR,12.0,-5.56,1.5,-0.0618,0.0167,25.3,1,,
2013,3,00-0028434,Douglas Baldwin,WR,10.5,-7.06,0.0,-0.0782,0.0,25.3,0,,
2013,3,00-0028112,Charles Clay,TE,10.0,-7.31,-0.6,-0.0809,-0.0067,25.3,0,,
2013,3,00-0022044,Andre Johnson,WR,8.6,-8.96,-1.9,-0.0989,-0.0212,25.3,0,,
2013,3,00-0029275,Ladarius Green,TE,7.8,-9.51,-2.8,-0.1048,-0.0312,25.3,0,,
2013,3,00-0025860,BenJarvus Green-Ellis,RB,6.9,-9.97,-3.5,-0.1098,-0.039,25.3,0,,
2013,3,00-0026298,Kellen Davis,TE,6.1,-11.21,-4.5,-0.123,-0.0501,25.3,0,,
2013,3,00-0030431,Robert Woods,WR,5.5,-12.06,-5.0,-0.132,-0.0556,25.3,0,,
2013,3,00-0027997,Gregory Little,WR,4.9,-12.66,-5.6,-0.1383,-0.0622,25.3,0,,
2013,3,00-0028156,Ryan Taylor,TE,4.1,-13.21,-6.5,-0.144,-0.0721,25.3,0,,
2013,3,00-0027888,Tobinbo Gerhart,RB,3.4,-13.47,-7.0,-0.1468,-0.0776,25.3,0,,
2013,3,00-0027003,Donald Brown,RB,2.5,-14.37,-7.9,-0.1561,-0.0874,25.3,0,,
2013,3,00-0029004,Lance Dunbar,RB,1.9,-14.97,-8.5,-0.1623,-0.0939,25.3,0,,
2013,3,00-0027691,Andre Roberts,WR,1.6,-15.96,-8.9,-0.1723,-0.0983,25.3,0,,
2013,3,00-0029429,Bryce Brown,RB,0.7,-16.17,-9.7,-0.1744,-0.1069,25.3,0,,
2013,3,00-0027188,Chandler Hall,WR,0.0,-17.56,-10.5,-0.1883,-0.1155,25.3,0,,
2013,3,00-0028198,Matthew Asiata,RB,0.0,-16.87,-10.4,-0.1815,-0.1144,25.3,0,,
2013,3,00-0029604,Kirk Cousins,QB,0.0,-18.44,-10.46,-0.1969,-0.115,25.3,0,,
2013,3,00-0026373,Justin Forsett,RB,0.0,-16.87,-10.4,-0.1815,-0.1144,25.3,0,,
2013,3,00-0030147,Russell Shepard,WR,0.0,-17.56,-10.5,-0.1883,-0.1155,25.3,0,,
2013,3,00-0029281,Adrien Robinson,TE,0.0,-17.31,-10.6,-0.1858,-0.1165,25.3,0,,
2013,3,00-0028063,Taiwan Jones,RB,0.0,-16.87,-10.4,-0.1815,-0.1144,25.3,0,,
2013,3,00-0030524,Matthew Jones,QB,0.0,-18.44,-10.46,-0.1969,-0.115,25.3,0,,
2013,3,00-0029731,Foswhitt Whittaker,RB,0.0,-16.87,-10.4,-0.1815,-0.1144,25.3,0,,
2013,3,00-0028606,Kerry Taylor,WR,0.0,-17.56,-10.5,-0.1883,-0.1155,25.3,0,,
2013,3,00-0027006,Kenneth Britt,WR,0.0,-17.56,-10.5,-0.1883,-0.1155,25.3,0,,
2013,3,00-0026757,Kory Sperry,TE,0.0,-17.31,-10.6,-0.1858,-0.1165,25.3,0,,
2013,3,00-0029298,Cyrus Gray,RB,0.0,-16.87,-10.4,-0.1815,-0.1144,25.3,0,,
2013,3,00-0027796,Joseph Webb,QB,0.0,-18.44,-10.46,-0.1969,-0.115,25.3,0,,
2013,3,00-0030151,Tyler Bray,QB,0.0,-18.44,-10.46,-0.1969,-0.115,25.3,0,,
2013,3,00-0025414,Robert Meachem,WR,11.4,-6.16,0.9,-0.0684,0.01,25.3,1,,
2013,3,00-0021678,Antonio Romo,QB,20.4,1.96,9.94,0.0218,0.1095,25.3,1,,
2013,3,00-0026213,Jamaal Charles,RB,30.2,13.33,19.8,0.1453,0.2101,25.3,1,,
2013,3,00-0025394,Adrian Peterson,RB,21.5,4.63,11.1,0.0515,0.1219,25.3,1,,
2013,3,00-0029665,Robert Griffin,QB,10.74,-7.7,0.28,-0.0852,0.0031,25.3,1,,
2013,3,00-0027696,Jimmy Graham,TE,38.9,21.59,28.3,0.227,0.2856,25.3,1,,
2013,3,00-0026173,Donnie Avery,WR,21.1,3.54,10.6,0.0394,0.1165,25.3,1,,
2013,3,00-0026345,Pierre Garcon,WR,16.3,-1.26,5.8,-0.014,0.0644,25.3,1,,
2013,3,00-0025389,Calvin Johnson,WR,24.5,6.94,14.0,0.0769,0.1523,25.3,1,,
2013,3,00-0022942,Philip Rivers,QB,10.46,-7.98,0.0,-0.0883,0.0,25.3,0,,
2013,3,00-0030544,Gavin Escobar,TE,9.9,-7.41,-0.7,-0.082,-0.0078,25.3,0,,
2013,3,00-0029098,Eric Page,WR,8.5,-9.06,-2.0,-0.1,-0.0223,25.3,0,,
2013,3,00-0027135,Brandon Myers,TE,7.8,-9.51,-2.8,-0.1048,-0.0312,25.3,0,,
2013,3,00-0025399,Marshawn Lynch,RB,6.9,-9.97,-3.5,-0.1098,-0.039,25.3,0,,
2013,3,00-0027732,Michael Hoomanawanui,TE,6.1,-11.21,-4.5,-0.123,-0.0501,25.3,0,,
2013,3,00-0027791,James Starks,RB,5.5,-11.37,-4.9,-0.1248,-0.0545,25.3,0,,
2013,3,00-0025549,Brent Celek,TE,4.8,-12.51,-5.8,-0.1367,-0.0644,25.3,0,,
2013,3,00-0030522,Montee Ball,RB,4.1,-12.77,-6.3,-0.1395,-0.0699,25.3,0,,
2013,3,00-0029608,Eugene Hilton,WR,3.3,-14.26,-7.2,-0.1549,-0.0798,25.3,0,,
2013,3,00-0030280,Knile Davis,RB,2.5,-14.37,-7.9,-0.1561,-0.0874,25.3,0,,
2013,3,00-0027780,Nathan Byham,TE,1.8,-15.51,-8.8,-0.1677,-0.0972,25.3,0,,
2013,3,00-0029660,Trevor Graham,WR,1.5,-16.06,-9.0,-0.1733,-0.0993,25.3,0,,
2013,3,00-0030279,Keenan Allen,WR,0.6,-16.96,-9.9,-0.1823,-0.109,25.3,0,,
2013,3,00-0030485,Eddie Lacy,RB,0.0,-16.87,-10.4,-0.1815,-0.1144,25.3,0,,
2013,3,00-0030047,Marquess Wilson,WR,0.0,-17.56,-10.5,-0.1883,-0.1155,25.3,0,,
2013,3,00-0028958,Cory Harkey,TE,0.0,-17.31,-10.6,-0.1858,-0.1165,25.3,0,,
2013,3,00-0026644,Josh Vaughan,RB,0.0,-16.87,-10.4,-0.1815,-0.1144,25.3,0,,
2013,3,00-0028267,Allen Reisner,TE,0.0,-17.31,-10.6,-0.1858,-0.1165,25.3,0,,
2013,3,00-0029494,Joseph Anderson,WR,0.0,-17.56,-10.5,-0.1883,-0.1155,25.3,0,,
2013,3,00-0028090,Taylor Yates,QB,0.0,-18.44,-10.46,-0.1969,-0.115,25.3,0,,
2013,3,00-0023662,Matthew Cassel,QB,0.0,-18.44,-10.46,-0.1969,-0.115,25.3,0,,
2013,3,00-0027202,Michael Palmer,TE,0.0,-17.31,-10.6,-0.1858,-0.1165,25.3,0,,
2013,3,00-0026293,Matthew Slater,WR,0.0,-17.56,-10.5,-0.1883,-0.1155,25.3,0,,
2013,3,00-0029414,Orson Charles,TE,0.0,-17.31,-10.6,-0.1858,-0.1165,25.3,0,,
2013,3,00-0024463,Benjamin Obomanu,WR,0.0,-17.56,-10.5,-0.1883,-0.1155,25.3,0,,
2013,3,00-0026008,Matthew Mulligan,TE,0.0,-17.31,-10.6,-0.1858,-0.1165,25.3,0,,
2013,3,00-0030024,Jeffrey Tuel,QB,0.0,-18.44,-10.46,-0.1969,-0.115,25.3,0,,
2013,3,00-0028238,Konrad Reuland,TE,0.0,-17.31,-10.6,-0.1858,-0.1165,25.3,0,,
2013,3,00-0022921,Larry Fitzgerald,WR,11.4,-6.16,0.9,-0.0684,0.01,25.3,1,,
2013,3,00-0026498,John Stafford,QB,21.6,3.16,11.14,0.0352,0.1223,25.3,1,,
2013,3,00-0028009,DeMarco Murray,RB,28.3,11.43,17.9,0.1253,0.1916,25.3,1,,
2013,3,00-0026019,Danny Woodhead,RB,13.6,-3.27,3.2,-0.0365,0.0356,25.3,1,,
2013,3,00-0027973,Andrew Dalton,QB,13.7,-4.74,3.24,-0.0527,0.0361,25.3,1,,
2013,3,00-0030089,Luke Willson,TE,15.1,-2.21,4.5,-0.0246,0.0501,25.3,1,,
2013,3,00-0021999,Nathaniel Burleson,WR,17.6,0.04,7.1,0.0005,0.0787,25.3,1,,
2013,3,00-0025431,Sidney Rice,WR,24.9,7.34,14.4,0.0813,0.1564,25.3,1,,
2013,3,00-0024466,Marques Colston,WR,12.1,-5.46,1.6,-0.0607,0.0178,25.3,1,,
2013,3,00-0030521,Justin Hunter,WR,10.4,-7.16,-0.1,-0.0793,-0.0011,25.3,0,,
2013,3,00-0023564,Darren Sproles,RB,9.6,-7.27,-0.8,-0.0806,-0.0089,25.3,0,,
2013,3,00-0030287,Andre Ellington,RB,8.5,-8.37,-1.9,-0.0926,-0.0212,25.3,0,,
2013,3,00-0030443,Levine Toilolo,TE,7.7,-9.61,-2.9,-0.1059,-0.0323,25.3,0,,
2013,3,00-0027873,Jermaine Gresham,TE,6.7,-10.61,-3.9,-0.1166,-0.0434,25.3,0,,
2013,3,00-0028061,Tandon Doss,WR,6.0,-11.56,-4.5,-0.1267,-0.0501,25.3,0,,
2013,3,00-0026988,Knowshon Moreno,RB,5.5,-11.37,-4.9,-0.1248,-0.0545,25.3,0,,
2013,3,00-0026162,Felix Jones,RB,4.7,-12.17,-5.7,-0.1332,-0.0633,25.3,0,,
2013,3,00-0027974,Colin Kaepernick,QB,4.0,-14.44,-6.46,-0.1568,-0.0717,25.3,0,,
2013,3,00-0027608,Kyle Williams,WR,3.2,-14.36,-7.3,-0.156,-0.0809,25.3,0,,
2013,3,00-0029694,Michael Egnew,TE,2.3,-15.01,-8.3,-0.1626,-0.0918,25.3,0,,
2013,3,00-0028142,Virgil Green,TE,1.8,-15.51,-8.8,-0.1677,-0.0972,25.3,0,,
2013,3,00-0028021,Jerrel Jernigan,WR,1.5,-16.06,-9.0,-0.1733,-0.0993,25.3,0,,
2013,3,00-0029273,Robert Turbin,RB,0.5,-16.37,-9.9,-0.1764,-0.109,25.3,0,,
2013,3,00-0029552,Jeremy Ebert,WR,0.0,-17.56,-10.5,-0.1883,-0.1155,25.3,0,,
2013,3,00-0030433,Michael Gillislee,RB,0.0,-16.87,-10.4,-0.1815,-0.1144,25.3,0,,
2013,3,00-0028706,Armond Smith,RB,0.0,-16.87,-10.4,-0.1815,-0.1144,25.3,0,,
2013,3,00-0027606,Trindon Holliday,WR,0.0,-17.56,-10.5,-0.1883,-0.1155,25.3,0,,
2013,3,00-0027069,Chase Coffman,TE,0.0,-17.31,-10.6,-0.1858,-0.1165,25.3,0,,
2013,3,00-0028876,Collin Mooney,RB,0.0,-16.87,-10.4,-0.1815,-0.1144,25.3,0,,
2013,3,00-0030532,Stedman Bailey,WR,0.0,-17.56,-10.5,-0.1883,-0.1155,25.3,0,,
2013,3,00-0028079,David Williams,TE,0.0,-17.31,-10.6,-0.1858,-0.1165,25.3,0,,
2013,3,00-0007091,Matthew Hasselbeck,QB,0.0,-18.44,-10.46,-0.1969,-0.115,25.3,0,,
2013,3,00-0028116,Aldrick Robinson,WR,0.0,-17.56,-10.5,-0.1883,-0.1155,25.3,0,,
2013,3,00-0024221,Vernon Davis,TE,0.0,-17.31,-10.6,-0.1858,-0.1165,25.3,0,,
2013,3,00-0028307,Andrew Davis,WR,0.0,-17.56,-10.5,-0.1883,-0.1155,25.3,0,,
2013,3,00-0030465,Kenjon Barner,RB,0.0,-16.87,-10.4,-0.1815,-0.1144,25.3,0,,
2013,3,00-0030496,Le'Veon Bell,RB,0.0,-16.87,-10.4,-0.1815,-0.1144,25.3,0,,
2013,3,00-0022847,Benjamin Hartsock,TE,0.0,-17.31,-10.6,-0.1858,-0.1165,25.3,0,,
2013,3,00-0029632,Mohamed Sanu,WR,10.8,-6.76,0.3,-0.0749,0.0033,25.3,1,,
2013,3,00-0027950,Christian Ponder,QB,21.72,3.28,11.26,0.0365,0.1236,25.3,1,,
2013,3,00-0023500,Franklin Gore,RB,12.3,-4.57,1.9,-0.0509,0.0212,25.3,1,,
2013,3,00-0030078,Johnathan Franklin,RB,19.6,2.73,9.2,0.0304,0.1015,25.3,1,,
2013,3,00-0029701,Ryan Tannehill,QB,13.14,-5.3,2.68,-0.0589,0.0299,25.3,1,,
2013,3,00-0025418,Greg Olsen,TE,11.4,-5.91,0.8,-0.0656,0.0089,25.3,1,,
2013,3,00-0027944,Quintorres Jones,WR,21.2,3.64,10.7,0.0405,0.1176,25.3,1,,
2013,3,00-0028995,Stephen Hill,WR,19.8,2.24,9.3,0.025,0.1026,25.3,1,,
2013,3,00-0025396,Theodore Ginn,WR,17.2,-0.36,6.7,-0.004,0.0743,25.3,1,,
2013,3,00-0024313,Owen Daniels,TE,10.4,-6.91,-0.2,-0.0766,-0.0022,25.3,0,,
2013,3,00-0029675,Trenton Richardson,RB,9.5,-7.37,-0.9,-0.0817,-0.01,25.3,0,,
2013,3,00-0030516,Brice Butler,WR,8.4,-9.16,-2.1,-0.1011,-0.0234,25.3,0,,
2013,3,00-0030422,Dion Sims,TE,7.6,-9.71,-3.0,-0.107,-0.0334,25.3,0,,
2013,3,00-0023437,Ronnie Brown,RB,6.6,-10.27,-3.8,-0.113,-0.0423,25.3,0,,
2013,3,00-0029262,Rueben Randle,WR,6.0,-11.56,-4.5,-0.1267,-0.0501,25.3,0,,
2013,3,00-0029415,Keshawn Martin,WR,5.5,-12.06,-5.0,-0.132,-0.0556,25.3,0,,
2013,3,00-0028903,Garrett Celek,TE,4.5,-12.81,-6.1,-0.1399,-0.0677,25.3,0,,
2013,3,00-0026201,Martellus Bennett,TE,4.0,-13.31,-6.6,-0.1451,-0.0732,25.3,0,,
2013,3,00-0029795,Benjamin Cunningham,RB,3.2,-13.67,-7.2,-0.1489,-0.0798,25.3,0,,
2013,3,00-0030549,Tyler Eifert,TE,2.2,-15.11,-8.4,-0.1636,-0.0928,25.3,0,,
2013,3,00-0026178,John Carlson,TE,1.8,-15.51,-8.8,-0.1677,-0.0972,25.3,0,,
2013,3,00-0028841,William Johnson,RB,1.5,-15.37,-8.9,-0.1663,-0.0983,25.3,0,,
2013,3,00-0027531,Christopher Ivory,RB,0.5,-16.37,-9.9,-0.1764,-0.109,25.3,0,,
2013,3,00-0020679,Shaun Hill,QB,0.0,-18.44,-10.46,-0.1969,-0.115,25.3,0,,
2013,3,00-0029601,Brandon Bostick,TE,0.0,-17.31,-10.6,-0.1858,-0.1165,25.3,0,,
2013,3,00-0029492,Jamize Olawale,RB,0.0,-16.87,-10.4,-0.1815,-0.1144,25.3,0,,
2013,3,00-0029567,Nicholas Foles,QB,0.0,-18.44,-10.46,-0.1969,-0.115,25.3,0,,
2013,3,00-0029878,MarQueis Gray,TE,0.0,-17.31,-10.6,-0.1858,-0.1165,25.3,0,,
2013,3,00-0028453,Patrick Devlin,QB,0.0,-18.44,-10.46,-0.1969,-0.115,25.3,0,,
2013,3,00-0030520,Michael Glennon,QB,0.0,-18.44,-10.46,-0.1969,-0.115,25.3,0,,
2013,3,00-0022121,Rex Grossman,QB,0.0,-18.44,-10.46,-0.1969,-0.115,25.3,0,,
2013,3,00-0026225,Craig Stevens,TE,0.0,-17.31,-10.6,-0.1858,-0.1165,25.3,0,,
2013,3,00-0029033,Griffith Whalen,WR,0.0,-17.56,-10.5,-0.1883,-0.1155,25.3,0,,
2013,3,00-0023682,Ryan Fitzpatrick,QB,0.0,-18.44,-10.46,-0.1969,-0.115,25.3,0,,
2013,3,00-0028073,Richard Stanzi,QB,0.0,-18.44,-10.46,-0.1969,-0.115,25.3,0,,
2013,3,00-0028105,Ryan Whalen,WR,0.0,-17.56,-10.5,-0.1883,-0.1155,25.3,0,,
2013,3,00-0027005,Hakeem Nicks,WR,0.0,-17.56,-10.5,-0.1883,-0.1155,25.3,0,,
2013,3,00-0026262,Tashard Choice,RB,-0.1,-16.97,-10.5,-0.1825,-0.1155,25.3,0,,
2013,3,00-0027985,Lance Kendricks,TE,11.1,-6.21,0.5,-0.0689,0.0056,25.3,1,,
2013,3,00-0026625,Brian Hoyer,QB,18.64,0.2,8.18,0.0022,0.0905,25.3,1,,
2013,3,00-0029141,Alfred Morris,RB,13.3,-3.57,2.9,-0.0398,0.0323,25.3,1,,
2013,3,00-0029613,Douglas Martin,RB,12.8,-4.07,2.4,-0.0453,0.0267,25.3,1,,
2013,3,00-0029668,Andrew Luck,QB,14.76,-3.68,4.3,-0.041,0.0478,25.3,1,,
2013,3,00-0028067,Julius Thomas,TE,14.2,-3.11,3.6,-0.0346,0.0401,25.3,1,,
2013,3,00-0030000,Kenbrell Thompkins,WR,19.1,1.54,8.6,0.0172,0.095,25.3,1,,
2013,3,00-0024324,Jason Avant,WR,19.7,2.14,9.2,0.0239,0.1015,25.3,1,,
2013,3,00-0023367,Nathaniel Washington,WR,21.1,3.54,10.6,0.0394,0.1165,25.3,1,,
2013,3,00-0028002,Randall Cobb,WR,10.4,-7.16,-0.1,-0.0793,-0.0011,25.3,0,,
2013,3,00-0028114,Dwayne Harris,WR,9.4,-8.16,-1.1,-0.0902,-0.0123,25.3,0,,
2013,3,00-0006101,Anthony Gonzalez,TE,8.4,-8.91,-2.2,-0.0983,-0.0245,25.3,0,,
2013,3,00-0029615,Lamar Miller,RB,7.4,-9.47,-3.0,-0.1044,-0.0334,25.3,0,,
2013,3,00-0027753,Andrew Quarless,TE,6.6,-10.71,-4.0,-0.1177,-0.0445,25.3,0,,
2013,3,00-0026186,Jerome Simpson,WR,5.9,-11.66,-4.6,-0.1278,-0.0512,25.3,0,,
2013,3,00-0026182,William Royal,WR,5.4,-12.16,-5.1,-0.1331,-0.0567,25.3,0,,
2013,3,00-0028091,Jeremy Kerley,WR,4.5,-13.06,-6.0,-0.1425,-0.0666,25.3,0,,
2013,3,00-0029251,David Wilson,RB,3.9,-12.97,-6.5,-0.1416,-0.0721,25.3,0,,
2013,3,00-0028020,Vincent Brown,WR,3.1,-14.46,-7.4,-0.157,-0.082,25.3,0,,
2013,3,00-0029910,Timothy Wright,TE,2.1,-15.21,-8.5,-0.1646,-0.0939,25.3,0,,
2013,3,00-0024345,Domenik Hixon,WR,1.8,-15.76,-8.7,-0.1702,-0.0961,25.3,0,,
2013,3,00-0028034,Alexander Green,RB,1.4,-15.47,-9.0,-0.1674,-0.0993,25.3,0,,
2013,3,00-0030391,Michael James,RB,0.5,-16.37,-9.9,-0.1764,-0.109,25.3,0,,
2013,3,00-0026899,Shonn Greene,RB,0.0,-16.87,-10.4,-0.1815,-0.1144,25.3,0,,
2013,3,00-0029091,Bradley Sowell,TE,0.0,-17.31,-10.6,-0.1858,-0.1165,25.3,0,,
2013,3,00-0030419,Matthew McGloin,QB,0.0,-18.44,-10.46,-0.1969,-0.115,25.3,0,,
2013,3,00-0024268,Anthony Fasano,TE,0.0,-17.31,-10.6,-0.1858,-0.1165,25.3,0,,
2013,3,00-0027675,Edward Dickson,TE,0.0,-17.31,-10.6,-0.1858,-0.1165,25.3,0,,
2013,3,00-0030292,Brad Sorensen,QB,0.0,-18.44,-10.46,-0.1969,-0.115,25.3,0,,
2013,3,00-0027692,Armanti Edwards,WR,0.0,-17.56,-10.5,-0.1883,-0.1155,25.3,0,,
2013,3,00-0028049,Edmond Gates,WR,0.0,-17.56,-10.5,-0.1883,-0.1155,25.3,0,,
2013,3,00-0028093,Niles Paul,TE,0.0,-17.31,-10.6,-0.1858,-0.1165,25.3,0,,
2013,3,00-0027567,Steven Maneri,TE,0.0,-17.31,-10.6,-0.1858,-0.1165,25.3,0,,
2013,3,00-0022922,Kellen Winslow,TE,0.0,-17.31,-10.6,-0.1858,-0.1165,25.3,0,,
2013,3,00-0027948,Blaine Gabbert,QB,0.0,-18.44,-10.46,-0.1969,-0.115,25.3,0,,
2013,3,00-0030388,Joseph Randle,RB,0.0,-16.87,-10.4,-0.1815,-0.1144,25.3,0,,
2013,3,00-0030134,Michael Ford,RB,0.0,-16.87,-10.4,-0.1815,-0.1144,25.3,0,,
2013,3,00-0028613,Phillip Tanner,RB,-0.1,-16.97,-10.5,-0.1825,-0.1155,25.3,0,,
2013,3,00-0027150,Julian Edelman,WR,11.4,-6.16,0.9,-0.0684,0.01,25.3,1,,
2013,3,00-0020531,Drew Brees,QB,31.78,13.34,21.32,0.1454,0.2244,25.3,1,,
2013,3,00-0024813,Charles Thomas,RB,12.7,-4.17,2.3,-0.0464,0.0256,25.3,1,,
2013,3,00-0024275,Maurice Jones-Drew,RB,14.2,-2.67,3.8,-0.0298,0.0423,25.3,1,,
2013,3,00-0027854,Samuel Bradford,QB,13.6,-4.84,3.14,-0.0538,0.035,25.3,1,,
2013,3,00-0028040,Jordan Cameron,TE,33.6,16.29,23.0,0.1756,0.2399,25.3,1,,
2013,3,00-0028086,Denarius Moore,WR,24.4,6.84,13.9,0.0758,0.1512,25.3,1,,
2013,3,00-0028052,Cecil Shorts,WR,22.3,4.74,11.8,0.0527,0.1293,25.3,1,,
2013,3,00-0030540,Aaron Dobson,WR,12.2,-5.36,1.7,-0.0595,0.019,25.3,1,,
2013,3,00-0027346,Alfonso Smith,RB,10.4,-6.47,0.0,-0.0718,0.0,25.3,0,,
2013,3,00-0030525,Tavon Austin,WR,9.3,-8.26,-1.2,-0.0913,-0.0134,25.3,0,,
2013,3,00-0029580,Rishard Matthews,WR,8.2,-9.36,-2.3,-0.1032,-0.0256,25.3,0,,
2013,3,00-0024267,Gregory Jennings,WR,7.3,-10.26,-3.2,-0.1129,-0.0356,25.3,0,,
2013,3,00-0028043,Roy Helu,RB,6.5,-10.37,-3.9,-0.1141,-0.0434,25.3,0,,
2013,3,00-0029673,DeVier Posey,WR,5.9,-11.66,-4.6,-0.1278,-0.0512,25.3,0,,
2013,3,00-0028011,Stevan Ridley,RB,5.3,-11.57,-5.1,-0.1269,-0.0567,25.3,0,,
2013,3,00-0030550,Tracy Sanders,WR,4.5,-13.06,-6.0,-0.1425,-0.0666,25.3,0,,
2013,3,00-0026314,Joshua Morgan,WR,3.9,-13.66,-6.6,-0.1487,-0.0732,25.3,0,,
2013,3,00-0029384,Bobby Rainey,RB,3.1,-13.77,-7.3,-0.1499,-0.0809,25.3,0,,
2013,3,00-0030470,Vance McDonald,TE,2.1,-15.21,-8.5,-0.1646,-0.0939,25.3,0,,
2013,3,00-0028249,Jeremy Ross,WR,1.8,-15.76,-8.7,-0.1702,-0.0961,25.3,0,,
2013,3,00-0025410,Dwayne Bowe,WR,1.4,-16.16,-9.1,-0.1743,-0.1004,25.3,0,,
2013,3,00-0030248,Cierre Wood,RB,0.4,-16.47,-10.0,-0.1775,-0.1101,25.3,0,,
2013,3,00-0023679,William Bajema,TE,0.0,-17.31,-10.6,-0.1858,-0.1165,25.3,0,,
2013,3,00-0026996,Brandon Pettigrew,TE,0.0,-17.31,-10.6,-0.1858,-0.1165,25.3,0,,
2013,3,00-0028543,Jeffrey Maehl,WR,0.0,-17.56,-10.5,-0.1883,-0.1155,25.3,0,,
2013,3,00-0030288,Michael Burkhead,RB,0.0,-16.87,-10.4,-0.1815,-0.1144,25.3,0,,
2013,3,00-0025951,Darius Reynaud,RB,0.0,-16.87,-10.4,-0.1815,-0.1144,25.3,0,,
2013,3,00-0027688,Daniel McCoy,QB,0.0,-18.44,-10.46,-0.1969,-0.115,25.3,0,,
2013,3,00-0028353,Andre Smith,TE,0.0,-17.31,-10.6,-0.1858,-0.1165,25.3,0,,
2013,3,00-0027139,John Phillips,TE,0.0,-17.31,-10.6,-0.1858,-0.1165,25.3,0,,
2013,3,00-0028994,Dominique Jones,TE,0.0,-17.31,-10.6,-0.1858,-0.1165,25.3,0,,
2013,3,00-0029793,Brandon Williams,TE,0.0,-17.31,-10.6,-0.1858,-0.1165,25.3,0,,
2013,3,00-0026544,William Daniel,QB,0.0,-18.44,-10.46,-0.1969,-0.115,25.3,0,,
2013,3,00-0029155,William Brown,WR,0.0,-17.56,-10.5,-0.1883,-0.1155,25.3,0,,
2013,3,00-0029183,Daniel Noble,TE,0.0,-17.31,-10.6,-0.1858,-0.1165,25.3,0,,
2013,3,00-0027349,Stephen Williams,WR,0.0,-17.56,-10.5,-0.1883,-0.1155,25.3,0,,
2013,3,00-0027772,Anthony Dixon,RB,-0.1,-16.97,-10.5,-0.1825,-0.1155,25.3,0,,
2013,3,00-0022084,Anquan Boldin,WR,11.7,-5.86,1.2,-0.0651,0.0134,25.3,1,,
2013,3,00-0029263,Russell Wilson,QB,21.48,3.04,11.02,0.0339,0.121,25.3,1,,
2013,3,00-0024204,Fredrick Jackson,RB,14.9,-1.97,4.5,-0.022,0.0501,25.3,1,,
2013,3,00-0030456,Giovani Bernard,RB,19.9,3.03,9.5,0.0337,0.1047,25.3,1,,
2013,3,00-0026143,Matthew Ryan,QB,15.24,-3.2,4.78,-0.0357,0.0532,25.3,1,,
2013,3,00-0022127,Christopher Witten,TE,14.2,-3.11,3.6,-0.0346,0.0401,25.3,1,,
2013,3,00-0026000,Davone Bess,WR,13.7,-3.86,3.2,-0.043,0.0356,25.3,1,,
2013,3,00-0024240,Santonio Holmes,WR,26.4,8.84,15.9,0.0976,0.1717,25.3,1,,
2013,3,00-0026364,Steven Johnson,WR,16.6,-0.96,6.1,-0.0107,0.0677,25.3,1,,
2013,3,00-0027981,Kyle Rudolph,TE,10.3,-7.01,-0.3,-0.0777,-0.0033,25.3,0,,
2013,3,00-0027140,Christopher Ogbonnaya,RB,9.3,-7.57,-1.1,-0.0838,-0.0123,25.3,0,,
2013,3,00-0022811,Jerricho Cotchery,WR,8.2,-9.36,-2.3,-0.1032,-0.0256,25.3,0,,
2013,3,00-0027890,Benjamin Tate,RB,7.3,-9.57,-3.1,-0.1055,-0.0345,25.3,0,,
2013,3,00-0028121,Jordan Todman,RB,6.5,-10.37,-3.9,-0.1141,-0.0434,25.3,0,,
2013,3,00-0026158,Joseph Flacco,QB,5.84,-12.6,-4.62,-0.1377,-0.0514,25.3,0,,
2013,3,00-0026163,Rashard Mendenhall,RB,5.1,-11.77,-5.3,-0.129,-0.0589,25.3,0,,
2013,3,00-0029697,Jacoby Fleener,TE,4.3,-13.01,-6.3,-0.1419,-0.0699,25.3,0,,
2013,3,00-0030348,Khiry Robinson,RB,3.8,-13.07,-6.6,-0.1426,-0.0732,25.3,0,,
2013,3,00-0027709,Jacoby Ford,WR,2.9,-14.66,-7.6,-0.159,-0.0841,25.3,0,,
2013,3,00-0029218,David Paulson,TE,2.1,-15.21,-8.5,-0.1646,-0.0939,25.3,0,,
2013,3,00-0029000,Cole Beasley,WR,1.7,-15.86,-8.8,-0.1713,-0.0972,25.3,0,,
2013,3,00-0028362,Michael Preston,WR,1.4,-16.16,-9.1,-0.1743,-0.1004,25.3,0,,
2013,3,00-0023545,Brandon Jacobs,RB,0.2,-16.67,-10.2,-0.1795,-0.1122,25.3,0,,
2013,3,00-0022736,Steven Jackson,RB,0.0,-16.87,-10.4,-0.1815,-0.1144,25.3,0,,
2013,3,00-0027356,Marlon Moore,WR,0.0,-17.56,-10.5,-0.1883,-0.1155,25.3,0,,
2013,3,00-0027825,James Dray,TE,0.0,-17.31,-10.6,-0.1858,-0.1165,25.3,0,,
2013,3,00-0030128,Michael Cox,RB,0.0,-16.87,-10.4,-0.1815,-0.1144,25.3,0,,
2013,3,00-0029260,LaMichael James,RB,0.0,-16.87,-10.4,-0.1815,-0.1144,25.3,0,,
2013,3,00-0026188,Frederick Davis,TE,0.0,-17.31,-10.6,-0.1858,-0.1165,25.3,0,,
2013,3,00-0023578,Daniel Orlovsky,QB,0.0,-18.44,-10.46,-0.1969,-0.115,25.3,0,,
2013,3,00-0027718,Garrett Graham,TE,0.0,-17.31,-10.6,-0.1858,-0.1165,25.3,0,,
2013,3,00-0028863,Dominique Davis,QB,0.0,-18.44,-10.46,-0.1969,-0.115,25.3,0,,
2013,3,00-0026855,Antone Smith,RB,0.0,-16.87,-10.4,-0.1815,-0.1144,25.3,0,,
2013,3,00-0024272,Devin Hester,WR,0.0,-17.56,-10.5,-0.1883,-0.1155,25.3,0,,
2013,3,00-0024296,Charlie Whitehurst,QB,0.0,-18.44,-10.46,-0.1969,-0.115,25.3,0,,
2013,3,00-0029587,Rhett Ellison,TE,0.0,-17.31,-10.6,-0.1858,-0.1165,25.3,0,,
2013,3,00-0030542,Terrance Williams,WR,0.0,-17.56,-10.5,-0.1883,-0.1155,25.3,0,,
2013,3,00-0023645,Derek Anderson,QB,-0.1,-18.54,-10.56,-0.1979,-0.1161,25.3,0,,
2013,3,00-0027702,Michael Williams,WR,11.5,-6.06,1.0,-0.0673,0.0112,25.3,1,,
2013,3,00-0022924,Benjamin Roethlisberger,QB,15.94,-2.5,5.48,-0.0279,0.0609,25.3,1,,
2013,3,00-0027218,Joique Bell,RB,23.2,6.33,12.8,0.0702,0.1398,25.3,1,,
2013,3,00-0029626,Isaiah Pead,RB,13.3,-3.57,2.9,-0.0398,0.0323,25.3,1,,
2013,3,00-0023436,Alexander Smith,QB,14.12,-4.32,3.66,-0.0481,0.0408,25.3,1,,
2013,3,00-0027061,Jared Cook,TE,11.9,-5.41,1.3,-0.0601,0.0145,25.3,1,,
2013,3,00-0026176,Jordy Nelson,WR,17.3,-0.26,6.8,-0.0029,0.0754,25.3,1,,
2013,3,00-0029293,Marvin Jones,WR,12.8,-4.76,2.3,-0.0529,0.0256,25.3,1,,
2013,3,00-0028825,Terrelle Pryor,WR,18.84,1.28,8.34,0.0143,0.0922,25.3,1,,
2013,3,00-0020498,Reginald Wayne,WR,10.3,-7.26,-0.2,-0.0804,-0.0022,25.3,0,,
2013,3,00-0026189,DeSean Jackson,WR,9.2,-8.36,-1.3,-0.0924,-0.0145,25.3,0,,
2013,3,00-0026957,David Johnson,TE,8.1,-9.21,-2.5,-0.1016,-0.0279,25.3,0,,
2013,3,00-0029129,Rod Streater,WR,7.2,-10.36,-3.3,-0.1139,-0.0368,25.3,0,,
2013,3,00-0029572,Jarius Wright,WR,6.5,-11.06,-4.0,-0.1214,-0.0445,25.3,0,,
2013,3,00-0027864,Ryan Mathews,RB,5.8,-11.07,-4.6,-0.1216,-0.0512,25.3,0,,
2013,3,00-0028017,Leonard Hankerson,WR,5.1,-12.46,-5.4,-0.1362,-0.06,25.3,0,,
2013,3,00-0028045,Kristopher Durham,WR,4.3,-13.26,-6.2,-0.1446,-0.0688,25.3,0,,
2013,3,00-0030432,Christine Michael,RB,3.7,-13.17,-6.7,-0.1437,-0.0743,25.3,0,,
2013,3,00-0022943,Benjamin Watson,TE,2.9,-14.41,-7.7,-0.1565,-0.0852,25.3,0,,
2013,3,00-0030061,Zachary Ertz,TE,2.0,-15.31,-8.6,-0.1657,-0.095,25.3,0,,
2013,3,00-0026931,McKenna Pascoe,TE,1.7,-15.61,-8.9,-0.1687,-0.0983,25.3,0,,
2013,3,00-0025701,Ewart Battle,RB,1.2,-15.67,-9.2,-0.1694,-0.1015,25.3,0,,
2013,3,00-0028202,Kenneth Draughn,RB,0.2,-16.67,-10.2,-0.1795,-0.1122,25.3,0,,
2013,3,00-0029441,Jeremy Stewart,RB,0.0,-16.87,-10.4,-0.1815,-0.1144,25.3,0,,
2013,3,00-0026932,Cedric Peerman,RB,0.0,-16.87,-10.4,-0.1815,-0.1144,25.3,0,,
2013,3,00-0026566,Isaac Redman,RB,0.0,-16.87,-10.4,-0.1815,-0.1144,25.3,0,,
2013,3,00-0030586,Ryan Nassib,QB,0.0,-18.44,-10.46,-0.1969,-0.115,25.3,0,,
2013,3,00-0028795,Chase Reynolds,RB,0.0,-16.87,-10.4,-0.1815,-0.1144,25.3,0,,
2013,3,00-0029269,Travis Benjamin,WR,0.0,-17.56,-10.5,-0.1883,-0.1155,25.3,0,,
2013,3,00-0029205,Travaris Cadet,RB,0.0,-16.87,-10.4,-0.1815,-0.1144,25.3,0,,
2013,3,00-0030216,Joshua Hill,TE,0.0,-17.31,-10.6,-0.1858,-0.1165,25.3,0,,
2013,3,00-0027708,Marcus Easley,WR,0.0,-17.56,-10.5,-0.1883,-0.1155,25.3,0,,
2013,3,00-0023630,Joel Dreessen,TE,0.0,-17.31,-10.6,-0.1858,-0.1165,25.3,0,,
2013,3,00-0028097,Joseph Smith,TE,0.0,-17.31,-10.6,-0.1858,-0.1165,25.3,0,,
2013,3,00-0027109,James Casey,TE,0.0,-17.31,-10.6,-0.1858,-0.1165,25.3,0,,
2013,3,00-0028012,Ryan Mallett,QB,0.0,-18.44,-10.46,-0.1969,-0.115,25.3,0,,
2013,3,00-0024535,Eric Weems,WR,0.0,-17.56,-10.5,-0.1883,-0.1155,25.3,0,,
2013,3,00-0027089,Louis Murphy,WR,-0.2,-17.76,-10.7,-0.1902,-0.1176,25.3,0,,
2013,3,00-0026937,Brandon Gibson,WR,10.9,-6.66,0.4,-0.0738,0.0045,25.3,1,,
2013,3,00-0010346,Peyton Manning,QB,23.76,5.32,13.3,0.0591,0.145,25.3,1,,
2013,3,00-0026144,Darren McFadden,RB,11.54,-5.33,1.14,-0.0593,0.0127,25.3,1,,
2013,3,00-0025637,Ahmad Bradshaw,RB,20.1,3.23,9.7,0.0359,0.1069,25.3,1,,
2013,3,00-0024226,Jay Cutler,QB,11.46,-6.98,1.0,-0.0774,0.0112,25.3,1,,
2013,3,00-0024389,Hubert Walker,TE,12.4,-4.91,1.8,-0.0546,0.0201,25.3,1,,
2013,3,00-0027902,Desmond Bryant,WR,13.8,-3.76,3.3,-0.0418,0.0368,25.3,1,,
2013,3,00-0027077,Brian Hartline,WR,15.6,-1.96,5.1,-0.0218,0.0567,25.3,1,,
2013,3,00-0020494,Santana Moss,WR,14.7,-2.86,4.2,-0.0319,0.0467,25.3,1,,
2013,3,00-0024334,Brandon Marshall,WR,10.2,-7.36,-0.3,-0.0815,-0.0033,25.3,0,,
2013,3,00-0028174,Stephen Burton,WR,9.2,-8.36,-1.3,-0.0924,-0.0145,25.3,0,,
2013,3,00-0029883,Joseph Fauria,TE,8.0,-9.31,-2.6,-0.1027,-0.029,25.3,0,,
2013,3,00-0027321,Jeffrey Cumberland,TE,7.1,-10.21,-3.5,-0.1123,-0.039,25.3,0,,
2013,3,00-0027325,LeGarrette Blount,RB,6.5,-10.37,-3.9,-0.1141,-0.0434,25.3,0,,
2013,3,00-0027786,Jonathan Dwyer,RB,5.8,-11.07,-4.6,-0.1216,-0.0512,25.3,0,,
2013,3,00-0030514,Mychal Rivera,TE,5.1,-12.21,-5.5,-0.1336,-0.0611,25.3,0,,
2013,3,00-0023921,Miles Austin,WR,4.2,-13.36,-6.3,-0.1456,-0.0699,25.3,0,,
2013,3,00-0023462,Sharod White,WR,3.6,-13.96,-6.9,-0.1518,-0.0765,25.3,0,,
2013,3,00-0028007,Robert Housler,TE,2.8,-14.51,-7.8,-0.1575,-0.0863,25.3,0,,
2013,3,00-0026267,Jacob Tamme,TE,2.0,-15.31,-8.6,-0.1657,-0.095,25.3,0,,
2013,3,00-0029640,Brian Quick,WR,1.7,-15.86,-8.8,-0.1713,-0.0972,25.3,0,,
2013,3,00-0030282,Stepfan Taylor,RB,1.2,-15.67,-9.2,-0.1694,-0.1015,25.3,0,,
2013,3,00-0027583,Richard Brockel,TE,0.1,-17.21,-10.5,-0.1848,-0.1155,25.3,0,,
2013,3,00-0021570,Kassim Osgood,WR,0.0,-17.56,-10.5,-0.1883,-0.1155,25.3,0,,
2013,3,00-0029151,Matthew Simms,QB,0.0,-18.44,-10.46,-0.1969,-0.115,25.3,0,,
2013,3,00-0030049,Christopher Gragg,TE,0.0,-17.31,-10.6,-0.1858,-0.1165,25.3,0,,
2013,3,00-0029682,Brock Osweiler,QB,0.0,-18.44,-10.46,-0.1969,-0.115,25.3,0,,
2013,3,00-0030394,Zac Dysert,QB,0.0,-18.44,-10.46,-0.1969,-0.115,25.3,0,,
2013,3,00-0028838,Larry Donnell,TE,0.0,-17.31,-10.6,-0.1858,-0.1165,25.3,0,,
2013,3,00-0026237,Andre Caldwell,WR,0.0,-17.56,-10.5,-0.1883,-0.1155,25.3,0,,
2013,3,00-0024243,Marcedes Lewis,TE,0.0,-17.31,-10.6,-0.1858,-0.1165,25.3,0,,
2013,3,00-0024408,Bruce Gradkowski,QB,0.0,-18.44,-10.46,-0.1969,-0.115,25.3,0,,
2013,3,00-0023541,Kyle Orton,QB,0.0,-18.44,-10.46,-0.1969,-0.115,25.3,0,,
2013,3,00-0026035,Daniel Amendola,WR,0.0,-17.56,-10.5,-0.1883,-0.1155,25.3,0,,
2013,3,00-0025542,Dante Rosario,TE,0.0,-17.31,-10.6,-0.1858,-0.1165,25.3,0,,
2013,3,00-0027966,Mark Ingram,RB,0.0,-16.87,-10.4,-0.1815,-0.1144,25.3,0,,
2013,3,00-0021206,Joshua McCown,QB,0.0,-18.44,-10.46,-0.1969,-0.115,25.3,0,,
2013,3,00-0027134,Curtis Painter,QB,-1.36,-19.8,-11.82,-0.2101,-0.1295,25.3,0,,
2013,3,00-0026983,Darrius Heyward-Bey,WR,10.9,-6.66,0.4,-0.0738,0.0045,25.3,1,,
2013,3,00-0030526,Erik Manuel,QB,19.72,1.28,9.26,0.0143,0.1021,25.3,1,,
2013,3,00-0027029,LeSean McCoy,RB,21.8,4.93,11.4,0.0548,0.125,25.3,1,,
2013,3,00-0029264,Bernard Pierce,RB,15.2,-1.67,4.8,-0.0187,0.0534,25.3,1,,
2013,3,00-0020245,Michael Vick,QB,15.94,-2.5,5.48,-0.0279,0.0609,25.3,1,,
2013,3,00-0025425,Zachary Miller,TE,15.5,-1.81,4.9,-0.0201,0.0545,25.3,1,,
2013,3,00-0029664,Joshua Gordon,WR,32.8,15.24,22.3,0.165,0.2335,25.3,1,,
2013,3,00-0027874,Demaryius Thomas,WR,19.4,1.84,8.9,0.0205,0.0983,25.3,1,,
2013,3,00-0027942,Adriel Green,WR,14.6,-2.96,4.1,-0.033,0.0456,25.3,1,,
2013,3,00-0026210,Earl Bennett,WR,10.2,-7.36,-0.3,-0.0815,-0.0033,25.3,0,,
2013,3,00-0029391,Sean McGrath,TE,9.1,-8.21,-1.5,-0.0907,-0.0167,25.3,0,,
2013,3,00-0023465,Earl Miller,TE,8.0,-9.31,-2.6,-0.1027,-0.029,25.3,0,,
2013,3,00-0020337,Stevonne Smith,WR,7.0,-10.56,-3.5,-0.1161,-0.039,25.3,0,,
2013,3,00-0023496,Vincent Jackson,WR,6.4,-11.16,-4.1,-0.1225,-0.0456,25.3,0,,
2013,3,00-0022787,Matthew Schaub,QB,5.76,-12.68,-4.7,-0.1385,-0.0523,25.3,0,,
2013,3,00-0029614,Christopher Givens,WR,5.0,-12.56,-5.5,-0.1373,-0.0611,25.3,0,,
2013,3,00-0028159,Da'Rel Scott,RB,4.2,-12.67,-6.2,-0.1385,-0.0688,25.3,0,,
2013,3,00-0024276,Anthony Scheffler,TE,3.5,-13.81,-7.1,-0.1503,-0.0787,25.3,0,,
2013,3,00-0025439,Brian Leonard,RB,2.7,-14.17,-7.7,-0.1541,-0.0852,25.3,0,,
2013,3,00-0015754,Brandon Stokley,WR,1.9,-15.66,-8.6,-0.1692,-0.095,25.3,0,,
2013,3,00-0029654,Alfred Jenkins,WR,1.6,-15.96,-8.9,-0.1723,-0.0983,25.3,0,,
2013,3,00-0022178,Willis McGahee,RB,0.9,-15.97,-9.5,-0.1724,-0.1047,25.3,0,,
2013,3,00-0030533,Matthew Barkley,QB,0.0,-18.44,-10.46,-0.1969,-0.115,25.3,0,,
2013,3,00-0029435,Damaris Johnson,WR,0.0,-17.56,-10.5,-0.1883,-0.1155,25.3,0,,
2013,3,00-0029311,Kenneth Hemingway,WR,0.0,-17.56,-10.5,-0.1883,-0.1155,25.3,0,,
2013,3,00-0029234,Kellen Moore,QB,0.0,-18.44,-10.46,-0.1969,-0.115,25.3,0,,
2013,3,00-0029999,Zachary Sudfeld,TE,0.0,-17.31,-10.6,-0.1858,-0.1165,25.3,0,,
2013,3,00-0028581,Patrick DiMarco,RB,0.0,-16.87,-10.4,-0.1815,-0.1144,25.3,0,,
2013,3,00-0029612,Daryl Richardson,RB,0.0,-16.87,-10.4,-0.1815,-0.1144,25.3,0,,
2013,3,00-0029108,Derek Moye,WR,0.0,-17.56,-10.5,-0.1883,-0.1155,25.3,0,,
2013,3,00-0029051,Jarrett Boykin,WR,0.0,-17.56,-10.5,-0.1883,-0.1155,25.3,0,,
2013,3,00-0029854,Cortrelle Anderson,RB,0.0,-16.87,-10.4,-0.1815,-0.1144,25.3,0,,
2013,3,00-0027995,Mikel Leshoure,RB,0.0,-16.87,-10.4,-0.1815,-0.1144,25.3,0,,
2013,3,00-0026300,Joshua Johnson,QB,0.0,-18.44,-10.46,-0.1969,-0.115,25.3,0,,
2013,3,00-0029590,Taylor Thompson,TE,0.0,-17.31,-10.6,-0.1858,-0.1165,25.3,0,,
2013,3,00-0027964,Jonathan Baldwin,WR,0.0,-17.56,-10.5,-0.1883,-0.1155,25.3,0,,
2013,3,00-0030474,Joshua Boyce,WR,0.0,-17.56,-10.5,-0.1883,-0.1155,25.3,0,,
2013,3,00-0030547,Denard Robinson,RB,-2.2,-19.07,-12.6,-0.2031,-0.1377,25.3,0,,
2013,3,00-0028000,Daniel Thomas,RB,10.7,-6.17,0.3,-0.0685,0.0033,25.3,1,,
2013,3,00-0027946,Jacob Locker,QB,27.76,9.32,17.3,0.1028,0.1857,25.3,1,,
2013,3,00-0024242,DeAngelo Williams,RB,12.7,-4.17,2.3,-0.0464,0.0256,25.3,1,,
2013,3,00-0026184,Matthew Forte,RB,21.1,4.23,10.7,0.047,0.1176,25.3,1,,
2013,3,00-0024279,Tarvaris Jackson,QB,15.36,-3.08,4.9,-0.0343,0.0545,25.3,1,,
2013,3,00-0030472,Jordan Reed,TE,12.5,-4.81,1.9,-0.0535,0.0212,25.3,1,,
2013,3,00-0027690,Eric Decker,WR,27.3,9.74,16.8,0.1073,0.1807,25.3,1,,
2013,3,00-0025465,James Jones,WR,13.4,-4.16,2.9,-0.0463,0.0323,25.3,1,,
2013,3,00-0027681,Brandon LaFell,WR,20.3,2.74,9.8,0.0305,0.108,25.3,1,,
2013,3,00-0026164,Christopher Johnson,RB,10.1,-6.77,-0.3,-0.0751,-0.0033,25.3,0,,
2013,3,00-0029638,Michael Floyd,WR,8.9,-8.66,-1.6,-0.0956,-0.0178,25.3,0,,
2013,3,00-0027685,Emmanuel Sanders,WR,7.9,-9.66,-2.6,-0.1064,-0.029,25.3,0,,
2013,3,00-0030578,Cordarrelle Patterson,RB,6.9,-9.97,-3.5,-0.1098,-0.039,25.3,0,,
2013,3,00-0029209,Ryan Broyles,WR,6.4,-11.16,-4.1,-0.1225,-0.0456,25.3,0,,
2013,3,00-0026780,Kevin Ogletree,WR,5.5,-12.06,-5.0,-0.132,-0.0556,25.3,0,,
2013,3,00-0027758,Riley Cooper,WR,4.9,-12.66,-5.6,-0.1383,-0.0622,25.3,0,,
2013,3,00-0026901,Burnell Wallace,WR,4.2,-13.36,-6.3,-0.1456,-0.0699,25.3,0,,
2013,3,00-0027155,Rashad Jennings,RB,3.5,-13.37,-6.9,-0.1458,-0.0765,25.3,0,,
2013,3,00-0029159,Jermaine Kearse,WR,2.7,-14.86,-7.8,-0.1611,-0.0863,25.3,0,,
2013,3,00-0026224,Harry Douglas,WR,1.9,-15.66,-8.6,-0.1692,-0.095,25.3,0,,
2013,3,00-0030107,Theodore Riddick,RB,1.6,-15.27,-8.8,-0.1653,-0.0972,25.3,0,,
2013,3,00-0027651,Dexter McCluster,WR,0.8,-16.76,-9.7,-0.1803,-0.1069,25.3,0,,
2013,3,00-0027057,Brandon Tate,WR,0.0,-17.56,-10.5,-0.1883,-0.1155,25.3,0,,
2013,3,00-0030108,Ryan Griffin,TE,0.0,-17.31,-10.6,-0.1858,-0.1165,25.3,0,,
2013,3,00-0029667,Nicholas Toon,WR,0.0,-17.56,-10.5,-0.1883,-0.1155,25.3,0,,
2013,3,00-0026231,Jermichael Finley,TE,0.0,-17.31,-10.6,-0.1858,-0.1165,25.3,0,,
2013,3,00-0028352,Dane Sanzenbacher,WR,0.0,-17.56,-10.5,-0.1883,-0.1155,25.3,0,,
2013,3,00-0030404,Christopher Thompson,RB,0.0,-16.87,-10.4,-0.1815,-0.1144,25.3,0,,
2013,3,00-0030460,Markus Wheaton,WR,0.0,-17.56,-10.5,-0.1883,-0.1155,25.3,0,,
2013,3,00-0023968,Micheal Spurlock,WR,0.0,-17.56,-10.5,-0.1883,-0.1155,25.3,0,,
2013,3,00-0022864,Luke McCown,QB,0.0,-18.44,-10.46,-0.1969,-0.115,25.3,0,,
2013,3,00-0030181,John Doyle,TE,0.0,-17.31,-10.6,-0.1858,-0.1165,25.3,0,,
2013,3,00-0029634,James Hanna,TE,0.0,-17.31,-10.6,-0.1858,-0.1165,25.3,0,,
2013,3,00-0026281,Gary Barnidge,TE,0.0,-17.31,-10.6,-0.1858,-0.1165,25.3,0,,
2013,3,00-0026699,Kevin Brock,TE,0.0,-17.31,-10.6,-0.1858,-0.1165,25.3,0,,
2013,3,00-0027861,Clifford Spiller,RB,0.0,-16.87,-10.4,-0.1815,-0.1144,25.3,0,,
2013,3,00-0025708,Matthew Moore,QB,0.0,-18.44,-10.46,-0.1969,-0.115,25.3,0,,
2013,4,00-0030514,Mychal Rivera,TE,13.4,-5.78,3.1,-0.0614,0.033,26.5,1,,
2013,4,00-0027946,Jacob Locker,QB,19.66,1.08,10.04,0.0115,0.1058,26.5,1,,
2013,4,00-0028053,Kendall Hunter,RB,12.8,-5.82,2.4,-0.0619,0.0256,26.5,1,,
2013,4,00-0027155,Rashad Jennings,RB,19.6,0.98,9.2,0.0104,0.0971,26.5,1,,
2013,4,00-0023662,Matthew Cassel,QB,17.42,-1.16,7.8,-0.0124,0.0826,26.5,1,,
2013,4,00-0028040,Jordan Cameron,TE,30.1,10.92,19.8,0.1148,0.2017,26.5,1,,
2013,4,00-0027874,Demaryius Thomas,WR,29.6,11.87,19.3,0.1245,0.197,26.5,1,,
2013,4,00-0028052,Cecil Shorts,WR,13.1,-4.63,2.8,-0.0493,0.0298,26.5,1,,
2013,4,00-0027150,Julian Edelman,WR,18.8,1.07,8.5,0.0114,0.0899,26.5,1,,
2013,4,00-0027029,LeSean McCoy,RB,10.4,-8.22,0.0,-0.087,0.0,26.5,0,,
2013,4,00-0029613,Douglas Martin,RB,9.1,-9.52,-1.3,-0.1005,-0.0139,26.5,0,,
2013,4,00-0023682,Ryan Fitzpatrick,QB,8.12,-10.46,-1.5,-0.1101,-0.016,26.5,0,,
2013,4,00-0029441,Jeremy Stewart,RB,7.5,-11.12,-2.9,-0.1169,-0.0309,26.5,0,,
2013,4,00-0027606,Trindon Holliday,WR,6.0,-11.73,-4.3,-0.1231,-0.0458,26.5,0,,
2013,4,00-0030061,Zachary Ertz,TE,5.3,-13.88,-5.0,-0.1447,-0.0532,26.5,0,,
2013,4,00-0027973,Andrew Dalton,QB,4.54,-14.04,-5.08,-0.1463,-0.054,26.5,0,,
2013,4,00-0024276,Anthony Scheffler,TE,3.7,-15.48,-6.6,-0.1605,-0.07,26.5,0,,
2013,4,00-0025439,Brian Leonard,RB,3.1,-15.52,-7.3,-0.1609,-0.0774,26.5,0,,
2013,4,00-0028114,Dwayne Harris,WR,2.3,-15.43,-8.0,-0.16,-0.0847,26.5,0,,
2013,4,00-0029264,Bernard Pierce,RB,1.9,-16.72,-8.5,-0.1726,-0.0899,26.5,0,,
2013,4,00-0028000,Daniel Thomas,RB,1.6,-17.02,-8.8,-0.1755,-0.093,26.5,0,,
2013,4,00-0030391,Michael James,RB,1.2,-17.42,-9.2,-0.1793,-0.0971,26.5,0,,
2013,4,00-0027608,Kyle Williams,WR,0.0,-17.73,-10.3,-0.1822,-0.1085,26.5,0,,
2013,4,00-0027089,Louis Murphy,WR,0.0,-17.73,-10.3,-0.1822,-0.1085,26.5,0,,
2013,4,00-0029311,Kenneth Hemingway,WR,0.0,-17.73,-10.3,-0.1822,-0.1085,26.5,0,,
2013,4,00-0026931,McKenna Pascoe,TE,0.0,-19.18,-10.3,-0.1959,-0.1085,26.5,0,,
2013,4,00-0030175,Ryan Spadola,WR,0.0,-17.73,-10.3,-0.1822,-0.1085,26.5,0,,
2013,4,00-0030404,Christopher Thompson,RB,0.0,-18.62,-10.4,-0.1907,-0.1095,26.5,0,,
2013,4,00-0024279,Tarvaris Jackson,QB,0.0,-18.58,-9.62,-0.1903,-0.1015,26.5,0,,
2013,4,00-0028362,Michael Preston,WR,0.0,-17.73,-10.3,-0.1822,-0.1085,26.5,0,,
2013,4,00-0029159,Jermaine Kearse,WR,0.0,-17.73,-10.3,-0.1822,-0.1085,26.5,0,,
2013,4,00-0027995,Mikel Leshoure,RB,0.0,-18.62,-10.4,-0.1907,-0.1095,26.5,0,,
2013,4,00-0030291,Lequan Jefferson,TE,0.0,-19.18,-10.3,-0.1959,-0.1085,26.5,0,,
2013,4,00-0030388,Joseph Randle,RB,0.0,-18.62,-10.4,-0.1907,-0.1095,26.5,0,,
2013,4,00-0027732,Michael Hoomanawanui,TE,0.0,-19.18,-10.3,-0.1959,-0.1085,26.5,0,,
2013,4,00-0027950,Christian Ponder,QB,0.0,-18.58,-9.62,-0.1903,-0.1015,26.5,0,,
2013,4,00-0022127,Christopher Witten,TE,11.8,-7.38,1.5,-0.0782,0.016,26.5,1,,
2013,4,00-0029668,Andrew Luck,QB,18.88,0.3,9.26,0.0032,0.0977,26.5,1,,
2013,4,00-0029615,Lamar Miller,RB,13.8,-4.82,3.4,-0.0513,0.0362,26.5,1,,
2013,4,00-0025399,Marshawn Lynch,RB,21.3,2.68,10.9,0.0285,0.1146,26.5,1,,
2013,4,00-0029701,Ryan Tannehill,QB,10.76,-7.82,1.14,-0.0828,0.0122,26.5,1,,
2013,4,00-0006101,Anthony Gonzalez,TE,44.9,25.72,34.6,0.2541,0.3225,26.5,1,,
2013,4,00-0027793,Antonio Brown,WR,21.8,4.07,11.5,0.0433,0.1207,26.5,1,,
2013,4,00-0025410,Dwayne Bowe,WR,15.8,-1.93,5.5,-0.0206,0.0584,26.5,1,,
2013,4,00-0024334,Brandon Marshall,WR,16.9,-0.83,6.6,-0.0089,0.07,26.5,1,,
2013,4,00-0027893,Damian Williams,WR,10.3,-7.43,0.0,-0.0787,0.0,26.5,0,,
2013,4,00-0029608,Eugene Hilton,WR,9.1,-8.63,-1.2,-0.0912,-0.0128,26.5,0,,
2013,4,00-0027985,Lance Kendricks,TE,8.1,-11.08,-2.2,-0.1164,-0.0234,26.5,0,,
2013,4,00-0026182,William Royal,WR,7.2,-10.53,-3.1,-0.1108,-0.033,26.5,0,,
2013,4,00-0026577,Marcus Thigpen,WR,6.0,-11.73,-4.3,-0.1231,-0.0458,26.5,0,,
2013,4,00-0029795,Benjamin Cunningham,RB,5.3,-13.32,-5.1,-0.1391,-0.0542,26.5,0,,
2013,4,00-0026000,Davone Bess,WR,4.5,-13.23,-5.8,-0.1382,-0.0616,26.5,0,,
2013,4,00-0030348,Khiry Robinson,RB,3.7,-14.92,-6.7,-0.155,-0.0711,26.5,0,,
2013,4,00-0029580,Rishard Matthews,WR,3.1,-14.63,-7.2,-0.1521,-0.0763,26.5,0,,
2013,4,00-0026957,David Johnson,TE,2.3,-16.88,-8.0,-0.1741,-0.0847,26.5,0,,
2013,4,00-0028063,Taiwan Jones,RB,1.9,-16.72,-8.5,-0.1726,-0.0899,26.5,0,,
2013,4,00-0026314,Joshua Morgan,WR,1.6,-16.13,-8.7,-0.1668,-0.0919,26.5,0,,
2013,4,00-0026262,Tashard Choice,RB,1.1,-17.52,-9.3,-0.1803,-0.0982,26.5,0,,
2013,4,00-0030533,Matthew Barkley,QB,0.0,-18.58,-9.62,-0.1903,-0.1015,26.5,0,,
2013,4,00-0021570,Kassim Osgood,WR,0.0,-17.73,-10.3,-0.1822,-0.1085,26.5,0,,
2013,4,00-0023921,Miles Austin,WR,0.0,-17.73,-10.3,-0.1822,-0.1085,26.5,0,,
2013,4,00-0026644,Josh Vaughan,RB,0.0,-18.62,-10.4,-0.1907,-0.1095,26.5,0,,
2013,4,00-0030147,Russell Shepard,WR,0.0,-17.73,-10.3,-0.1822,-0.1085,26.5,0,,
2013,4,00-0030068,Marquise Goodwin,WR,0.0,-17.73,-10.3,-0.1822,-0.1085,26.5,0,,
2013,4,00-0023578,Daniel Orlovsky,QB,0.0,-18.58,-9.62,-0.1903,-0.1015,26.5,0,,
2013,4,00-0030216,Joshua Hill,TE,0.0,-19.18,-10.3,-0.1959,-0.1085,26.5,0,,
2013,4,00-0030181,John Doyle,TE,0.0,-19.18,-10.3,-0.1959,-0.1085,26.5,0,,
2013,4,00-0026298,Kellen Davis,TE,0.0,-19.18,-10.3,-0.1959,-0.1085,26.5,0,,
2013,4,00-0030282,Stepfan Taylor,RB,0.0,-18.62,-10.4,-0.1907,-0.1095,26.5,0,,
2013,4,00-0027997,Gregory Little,WR,0.0,-17.73,-10.3,-0.1822,-0.1085,26.5,0,,
2013,4,00-0030024,Jeffrey Tuel,QB,0.0,-18.58,-9.62,-0.1903,-0.1015,26.5,0,,
2013,4,00-0028238,Konrad Reuland,TE,0.0,-19.18,-10.3,-0.1959,-0.1085,26.5,0,,
2013,4,00-0026996,Brandon Pettigrew,TE,15.9,-3.28,5.6,-0.0349,0.0595,26.5,1,,
2013,4,00-0023436,Alexander Smith,QB,23.22,4.64,13.6,0.0493,0.1419,26.5,1,,
2013,4,00-0028043,Roy Helu,RB,16.4,-2.22,6.0,-0.0237,0.0637,26.5,1,,
2013,4,00-0025394,Adrian Peterson,RB,26.0,7.38,15.6,0.0781,0.1617,26.5,1,,
2013,4,00-0027061,Jared Cook,TE,10.5,-8.68,0.2,-0.0917,0.0021,26.5,1,,
2013,4,00-0029697,Jacoby Fleener,TE,21.2,2.02,10.9,0.0215,0.1146,26.5,1,,
2013,4,00-0027996,James Smith,WR,27.6,9.87,17.3,0.104,0.1781,26.5,1,,
2013,4,00-0022427,Wesley Welker,WR,26.6,8.87,16.3,0.0937,0.1685,26.5,1,,
2013,4,00-0029137,Alshon Jeffery,WR,26.4,8.67,16.1,0.0916,0.1665,26.5,1,,
2013,4,00-0028067,Julius Thomas,TE,10.3,-8.88,0.0,-0.0938,0.0,26.5,0,,
2013,4,00-0029388,Deonte Thompson,WR,9.0,-8.73,-1.3,-0.0923,-0.0139,26.5,0,,
2013,4,00-0030287,Andre Ellington,RB,8.1,-10.52,-2.3,-0.1108,-0.0245,26.5,0,,
2013,4,00-0029141,Alfred Morris,RB,7.1,-11.52,-3.3,-0.121,-0.0351,26.5,0,,
2013,4,00-0029567,Nicholas Foles,QB,5.96,-12.62,-3.66,-0.1321,-0.039,26.5,0,,
2013,4,00-0026164,Christopher Johnson,RB,5.1,-13.52,-5.3,-0.1411,-0.0563,26.5,0,,
2013,4,00-0027758,Riley Cooper,WR,4.5,-13.23,-5.8,-0.1382,-0.0616,26.5,0,,
2013,4,00-0028159,Da'Rel Scott,RB,3.6,-15.02,-6.8,-0.156,-0.0721,26.5,0,,
2013,4,00-0030300,Jaron Brown,WR,2.9,-14.83,-7.4,-0.1541,-0.0784,26.5,0,,
2013,4,00-0025425,Zachary Miller,TE,2.2,-16.98,-8.1,-0.175,-0.0857,26.5,0,,
2013,4,00-0026178,John Carlson,TE,1.9,-17.28,-8.4,-0.1779,-0.0888,26.5,0,,
2013,4,00-0028352,Dane Sanzenbacher,WR,1.6,-16.13,-8.7,-0.1668,-0.0919,26.5,0,,
2013,4,00-0030450,Quinton Patton,WR,1.0,-16.73,-9.3,-0.1726,-0.0982,26.5,0,,
2013,4,00-0029883,Joseph Fauria,TE,0.0,-19.18,-10.3,-0.1959,-0.1085,26.5,0,,
2013,4,00-0029435,Damaris Johnson,WR,0.0,-17.73,-10.3,-0.1822,-0.1085,26.5,0,,
2013,4,00-0029604,Kirk Cousins,QB,0.0,-18.58,-9.62,-0.1903,-0.1015,26.5,0,,
2013,4,00-0029654,Alfred Jenkins,WR,0.0,-17.73,-10.3,-0.1822,-0.1085,26.5,0,,
2013,4,00-0028267,Allen Reisner,TE,0.0,-19.18,-10.3,-0.1959,-0.1085,26.5,0,,
2013,4,00-0029281,Adrien Robinson,TE,0.0,-19.18,-10.3,-0.1959,-0.1085,26.5,0,,
2013,4,00-0029205,Travaris Cadet,RB,0.0,-18.62,-10.4,-0.1907,-0.1095,26.5,0,,
2013,4,00-0024243,Marcedes Lewis,TE,0.0,-19.18,-10.3,-0.1959,-0.1085,26.5,0,,
2013,4,00-0028606,Kerry Taylor,WR,0.0,-17.73,-10.3,-0.1822,-0.1085,26.5,0,,
2013,4,00-0029634,James Hanna,TE,0.0,-19.18,-10.3,-0.1959,-0.1085,26.5,0,,
2013,4,00-0028307,Andrew Davis,WR,0.0,-17.73,-10.3,-0.1822,-0.1085,26.5,0,,
2013,4,00-0029587,Rhett Ellison,TE,0.0,-19.18,-10.3,-0.1959,-0.1085,26.5,0,,
2013,4,00-0030134,Michael Ford,RB,0.0,-18.62,-10.4,-0.1907,-0.1095,26.5,0,,
2013,4,00-0026544,William Daniel,QB,-0.2,-18.78,-9.82,-0.1922,-0.1035,26.5,0,,
2013,4,00-0029708,Kendall Wright,WR,10.6,-7.13,0.3,-0.0756,0.0032,26.5,1,,
2013,4,00-0019596,Thomas Brady,QB,19.44,0.86,9.82,0.0091,0.1035,26.5,1,,
2013,4,00-0028083,Jacquizz Rodgers,RB,14.8,-3.82,4.4,-0.0407,0.0468,26.5,1,,
2013,4,00-0027864,Ryan Mathews,RB,14.3,-4.32,3.9,-0.046,0.0415,26.5,1,,
2013,4,00-0028086,Denarius Moore,WR,10.6,-7.13,0.3,-0.0756,0.0032,26.5,1,,
2013,4,00-0023465,Earl Miller,TE,16.0,-3.18,5.7,-0.0339,0.0605,26.5,1,,
2013,4,00-0027651,Dexter McCluster,WR,15.8,-1.93,5.5,-0.0206,0.0584,26.5,1,,
2013,4,00-0029638,Michael Floyd,WR,13.7,-4.03,3.4,-0.0429,0.0362,26.5,1,,
2013,4,00-0027942,Adriel Green,WR,12.1,-5.63,1.8,-0.0598,0.0192,26.5,1,,
2013,4,00-0025549,Brent Celek,TE,10.2,-8.98,-0.1,-0.0948,-0.0011,26.5,0,,
2013,4,00-0028017,Leonard Hankerson,WR,8.9,-8.83,-1.4,-0.0933,-0.0149,26.5,0,,
2013,4,00-0026780,Kevin Ogletree,WR,8.0,-9.73,-2.3,-0.1026,-0.0245,26.5,0,,
2013,4,00-0027725,Clayton Harbor,TE,6.9,-12.28,-3.4,-0.1286,-0.0362,26.5,0,,
2013,4,00-0025516,William Chandler,TE,5.8,-13.38,-4.5,-0.1397,-0.0479,26.5,0,,
2013,4,00-0028093,Niles Paul,TE,5.0,-14.18,-5.3,-0.1477,-0.0563,26.5,0,,
2013,4,00-0026173,Donnie Avery,WR,4.3,-13.43,-6.0,-0.1402,-0.0637,26.5,0,,
2013,4,00-0027981,Kyle Rudolph,TE,3.6,-15.58,-6.7,-0.1615,-0.0711,26.5,0,,
2013,4,00-0026144,Darren McFadden,RB,2.9,-15.72,-7.5,-0.1629,-0.0794,26.5,0,,
2013,4,00-0029640,Brian Quick,WR,2.2,-15.53,-8.1,-0.161,-0.0857,26.5,0,,
2013,4,00-0030443,Levine Toilolo,TE,1.9,-17.28,-8.4,-0.1779,-0.0888,26.5,0,,
2013,4,00-0029572,Jarius Wright,WR,1.6,-16.13,-8.7,-0.1668,-0.0919,26.5,0,,
2013,4,00-0026364,Steven Johnson,WR,0.9,-16.83,-9.4,-0.1736,-0.0992,26.5,0,,
2013,4,00-0027057,Brandon Tate,WR,0.0,-17.73,-10.3,-0.1822,-0.1085,26.5,0,,
2013,4,00-0030108,Ryan Griffin,TE,0.0,-19.18,-10.3,-0.1959,-0.1085,26.5,0,,
2013,4,00-0028958,Cory Harkey,TE,0.0,-19.18,-10.3,-0.1959,-0.1085,26.5,0,,
2013,4,00-0024268,Anthony Fasano,TE,0.0,-19.18,-10.3,-0.1959,-0.1085,26.5,0,,
2013,4,00-0027069,Chase Coffman,TE,0.0,-19.18,-10.3,-0.1959,-0.1085,26.5,0,,
2013,4,00-0028453,Patrick Devlin,QB,0.0,-18.58,-9.62,-0.1903,-0.1015,26.5,0,,
2013,4,00-0027780,Nathan Byham,TE,0.0,-19.18,-10.3,-0.1959,-0.1085,26.5,0,,
2013,4,00-0022864,Luke McCown,QB,0.0,-18.58,-9.62,-0.1903,-0.1015,26.5,0,,
2013,4,00-0026293,Matthew Slater,WR,0.0,-17.73,-10.3,-0.1822,-0.1085,26.5,0,,
2013,4,00-0027006,Kenneth Britt,WR,0.0,-17.73,-10.3,-0.1822,-0.1085,26.5,0,,
2013,4,00-0029155,William Brown,WR,0.0,-17.73,-10.3,-0.1822,-0.1085,26.5,0,,
2013,4,00-0030089,Luke Willson,TE,0.0,-19.18,-10.3,-0.1959,-0.1085,26.5,0,,
2013,4,00-0027349,Stephen Williams,WR,0.0,-17.73,-10.3,-0.1822,-0.1085,26.5,0,,
2013,4,00-0029664,Joshua Gordon,WR,11.1,-6.63,0.8,-0.0703,0.0085,26.5,1,,
2013,4,00-0026143,Matthew Ryan,QB,22.84,4.26,13.22,0.0453,0.1381,26.5,1,,
2013,4,00-0030456,Giovani Bernard,RB,13.5,-5.12,3.1,-0.0545,0.033,26.5,1,,
2013,4,00-0028064,Bilal Powell,RB,13.8,-4.82,3.4,-0.0513,0.0362,26.5,1,,
2013,4,00-0020245,Michael Vick,QB,14.02,-4.56,4.4,-0.0485,0.0468,26.5,1,,
2013,4,00-0029391,Sean McGrath,TE,19.9,0.72,9.6,0.0077,0.1013,26.5,1,,
2013,4,00-0026345,Pierre Garcon,WR,17.9,0.17,7.6,0.0018,0.0805,26.5,1,,
2013,4,00-0027690,Eric Decker,WR,13.8,-3.93,3.5,-0.0418,0.0373,26.5,1,,
2013,4,00-0030279,Keenan Allen,WR,13.0,-4.73,2.7,-0.0503,0.0288,26.5,1,,
2013,4,00-0028011,Stevan Ridley,RB,9.9,-8.72,-0.5,-0.0922,-0.0053,26.5,0,,
2013,4,00-0029614,Christopher Givens,WR,8.9,-8.83,-1.4,-0.0933,-0.0149,26.5,0,,
2013,4,00-0029429,Bryce Brown,RB,8.0,-10.62,-2.4,-0.1118,-0.0256,26.5,0,,
2013,4,00-0028434,Douglas Baldwin,WR,6.9,-10.83,-3.4,-0.1139,-0.0362,26.5,0,,
2013,4,00-0023462,Sharod White,WR,5.8,-11.93,-4.5,-0.1251,-0.0479,26.5,0,,
2013,4,00-0029269,Travis Benjamin,WR,4.9,-12.83,-5.4,-0.1342,-0.0574,26.5,0,,
2013,4,00-0028097,Joseph Smith,TE,4.3,-14.88,-6.0,-0.1546,-0.0637,26.5,0,,
2013,4,00-0028994,Dominique Jones,TE,3.6,-15.58,-6.7,-0.1615,-0.0711,26.5,0,,
2013,4,00-0029667,Nicholas Toon,WR,2.8,-14.93,-7.5,-0.1551,-0.0794,26.5,0,,
2013,4,00-0027139,John Phillips,TE,2.2,-16.98,-8.1,-0.175,-0.0857,26.5,0,,
2013,4,00-0024463,Benjamin Obomanu,WR,1.8,-15.93,-8.5,-0.1649,-0.0899,26.5,0,,
2013,4,00-0027691,Andre Roberts,WR,1.6,-16.13,-8.7,-0.1668,-0.0919,26.5,0,,
2013,4,00-0029682,Brock Osweiler,QB,0.7,-17.88,-8.92,-0.1837,-0.0942,26.5,0,,
2013,4,00-0027188,Chandler Hall,WR,0.0,-17.73,-10.3,-0.1822,-0.1085,26.5,0,,
2013,4,00-0028792,Kevin Cone,WR,0.0,-17.73,-10.3,-0.1822,-0.1085,26.5,0,,
2013,4,00-0030419,Matthew McGloin,QB,0.0,-18.58,-9.62,-0.1903,-0.1015,26.5,0,,
2013,4,00-0030288,Michael Burkhead,RB,0.0,-18.62,-10.4,-0.1907,-0.1095,26.5,0,,
2013,4,00-0029878,MarQueis Gray,TE,0.0,-19.18,-10.3,-0.1959,-0.1085,26.5,0,,
2013,4,00-0030292,Brad Sorensen,QB,0.0,-18.58,-9.62,-0.1903,-0.1015,26.5,0,,
2013,4,00-0026267,Jacob Tamme,TE,0.0,-19.18,-10.3,-0.1959,-0.1085,26.5,0,,
2013,4,00-0027202,Michael Palmer,TE,0.0,-19.18,-10.3,-0.1959,-0.1085,26.5,0,,
2013,4,00-0028116,Aldrick Robinson,WR,0.0,-17.73,-10.3,-0.1822,-0.1085,26.5,0,,
2013,4,00-0029414,Orson Charles,TE,0.0,-19.18,-10.3,-0.1959,-0.1085,26.5,0,,
2013,4,00-0028115,Evan Royster,RB,0.0,-18.62,-10.4,-0.1907,-0.1095,26.5,0,,
2013,4,00-0028012,Ryan Mallett,QB,0.0,-18.58,-9.62,-0.1903,-0.1015,26.5,0,,
2013,4,00-0028841,William Johnson,RB,0.0,-18.62,-10.4,-0.1907,-0.1095,26.5,0,,
2013,4,00-0024389,Hubert Walker,TE,11.9,-7.28,1.6,-0.0771,0.0171,26.5,1,,
2013,4,00-0022942,Philip Rivers,QB,26.04,7.46,16.42,0.079,0.1696,26.5,1,,
2013,4,00-0030496,Le'Veon Bell,RB,24.4,5.78,14.0,0.0613,0.1459,26.5,1,,
2013,4,00-0024217,Reginald Bush,RB,26.3,7.68,15.9,0.0813,0.1646,26.5,1,,
2013,4,00-0027974,Colin Kaepernick,QB,13.78,-4.8,4.16,-0.0511,0.0443,26.5,1,,
2013,4,00-0026201,Martellus Bennett,TE,21.0,1.82,10.7,0.0194,0.1126,26.5,1,,
2013,4,00-0027944,Quintorres Jones,WR,15.8,-1.93,5.5,-0.0206,0.0584,26.5,1,,
2013,4,00-0022921,Larry Fitzgerald,WR,18.8,1.07,8.5,0.0114,0.0899,26.5,1,,
2013,4,00-0024466,Marques Colston,WR,16.6,-1.13,6.3,-0.0121,0.0669,26.5,1,,
2013,4,00-0026210,Earl Bennett,WR,9.9,-7.83,-0.4,-0.0829,-0.0043,26.5,0,,
2013,4,00-0024813,Charles Thomas,RB,8.8,-9.82,-1.6,-0.1036,-0.0171,26.5,0,,
2013,4,00-0022943,Benjamin Watson,TE,7.9,-11.28,-2.4,-0.1185,-0.0256,26.5,0,,
2013,4,00-0029660,Trevor Graham,WR,6.6,-11.13,-3.7,-0.117,-0.0394,26.5,0,,
2013,4,00-0026699,Kevin Brock,TE,5.7,-13.48,-4.6,-0.1407,-0.0489,26.5,0,,
2013,4,00-0029632,Mohamed Sanu,WR,4.9,-12.83,-5.4,-0.1342,-0.0574,26.5,0,,
2013,4,00-0025701,Ewart Battle,RB,4.2,-14.42,-6.2,-0.1501,-0.0658,26.5,0,,
2013,4,00-0027890,Benjamin Tate,RB,3.5,-15.12,-6.9,-0.157,-0.0732,26.5,0,,
2013,4,00-0027109,James Casey,TE,2.7,-16.48,-7.6,-0.1702,-0.0805,26.5,0,,
2013,4,00-0029239,Brandon Bolden,RB,2.2,-16.42,-8.2,-0.1697,-0.0867,26.5,0,,
2013,4,00-0024324,Jason Avant,WR,1.7,-16.03,-8.6,-0.1659,-0.0909,26.5,0,,
2013,4,00-0029415,Keshawn Martin,WR,1.6,-16.13,-8.7,-0.1668,-0.0919,26.5,0,,
2013,4,00-0023437,Ronnie Brown,RB,0.7,-17.92,-9.7,-0.1841,-0.1023,26.5,0,,
2013,4,00-0027755,Brandon Reed,WR,0.0,-17.73,-10.3,-0.1822,-0.1085,26.5,0,,
2013,4,00-0028198,Matthew Asiata,RB,0.0,-18.62,-10.4,-0.1907,-0.1095,26.5,0,,
2013,4,00-0029293,Marvin Jones,WR,0.0,-17.73,-10.3,-0.1822,-0.1085,26.5,0,,
2013,4,00-0029098,Eric Page,WR,0.0,-17.73,-10.3,-0.1822,-0.1085,26.5,0,,
2013,4,00-0030547,Denard Robinson,RB,0.0,-18.62,-10.4,-0.1907,-0.1095,26.5,0,,
2013,4,00-0027688,Daniel McCoy,QB,0.0,-18.58,-9.62,-0.1903,-0.1015,26.5,0,,
2013,4,00-0029108,Derek Moye,WR,0.0,-17.73,-10.3,-0.1822,-0.1085,26.5,0,,
2013,4,00-0026225,Craig Stevens,TE,0.0,-19.18,-10.3,-0.1959,-0.1085,26.5,0,,
2013,4,00-0029033,Griffith Whalen,WR,0.0,-17.73,-10.3,-0.1822,-0.1085,26.5,0,,
2013,4,00-0027531,Christopher Ivory,RB,0.0,-18.62,-10.4,-0.1907,-0.1095,26.5,0,,
2013,4,00-0024296,Charlie Whitehurst,QB,0.0,-18.58,-9.62,-0.1903,-0.1015,26.5,0,,
2013,4,00-0027966,Mark Ingram,RB,0.0,-18.62,-10.4,-0.1907,-0.1095,26.5,0,,
2013,4,00-0024535,Eric Weems,WR,0.0,-17.73,-10.3,-0.1822,-0.1085,26.5,0,,
2013,4,00-0024221,Vernon Davis,TE,10.8,-8.38,0.5,-0.0886,0.0053,26.5,1,,
2013,4,00-0024226,Jay Cutler,QB,17.58,-1.0,7.96,-0.0107,0.0842,26.5,1,,
2013,4,00-0026213,Jamaal Charles,RB,23.7,5.08,13.3,0.054,0.1389,26.5,1,,
2013,4,00-0026019,Danny Woodhead,RB,25.6,6.98,15.2,0.074,0.1577,26.5,1,,
2013,4,00-0026158,Joseph Flacco,QB,11.88,-6.7,2.26,-0.0711,0.0241,26.5,1,,
2013,4,00-0024313,Owen Daniels,TE,16.2,-2.98,5.9,-0.0317,0.0627,26.5,1,,
2013,4,00-0023367,Nathaniel Washington,WR,26.5,8.77,16.2,0.0927,0.1675,26.5,1,,
2013,4,00-0027265,Victor Cruz,WR,32.4,14.67,22.1,0.1525,0.2227,26.5,1,,
2013,4,00-0022044,Andre Johnson,WR,20.0,2.27,9.7,0.0242,0.1023,26.5,1,,
2013,4,00-0030550,Tracy Sanders,WR,9.9,-7.83,-0.4,-0.0829,-0.0043,26.5,0,,
2013,4,00-0028045,Kristopher Durham,WR,8.8,-8.93,-1.5,-0.0943,-0.016,26.5,0,,
2013,4,00-0022803,Elisha Manning,QB,7.88,-10.7,-1.74,-0.1126,-0.0185,26.5,0,,
2013,4,00-0027772,Anthony Dixon,RB,6.6,-12.02,-3.8,-0.126,-0.0405,26.5,0,,
2013,4,00-0030520,Michael Glennon,QB,5.62,-12.96,-4.0,-0.1355,-0.0426,26.5,0,,
2013,4,00-0029384,Bobby Rainey,RB,4.9,-13.72,-5.5,-0.1431,-0.0584,26.5,0,,
2013,4,00-0027675,Edward Dickson,TE,4.2,-14.98,-6.1,-0.1556,-0.0648,26.5,0,,
2013,4,00-0024240,Santonio Holmes,WR,3.5,-14.23,-6.8,-0.1482,-0.0721,26.5,0,,
2013,4,00-0030525,Tavon Austin,WR,2.6,-15.13,-7.7,-0.1571,-0.0815,26.5,0,,
2013,4,00-0027948,Blaine Gabbert,QB,2.16,-16.42,-7.46,-0.1697,-0.079,26.5,0,,
2013,4,00-0027888,Tobinbo Gerhart,RB,1.7,-16.92,-8.7,-0.1745,-0.0919,26.5,0,,
2013,4,00-0029552,Jeremy Ebert,WR,1.5,-16.23,-8.8,-0.1678,-0.093,26.5,0,,
2013,4,00-0029004,Lance Dunbar,RB,0.7,-17.92,-9.7,-0.1841,-0.1023,26.5,0,,
2013,4,00-0030544,Gavin Escobar,TE,0.0,-19.18,-10.3,-0.1959,-0.1085,26.5,0,,
2013,4,00-0030047,Marquess Wilson,WR,0.0,-17.73,-10.3,-0.1822,-0.1085,26.5,0,,
2013,4,00-0030049,Christopher Gragg,TE,0.0,-19.18,-10.3,-0.1959,-0.1085,26.5,0,,
2013,4,00-0030128,Michael Cox,RB,0.0,-18.62,-10.4,-0.1907,-0.1095,26.5,0,,
2013,4,00-0025951,Darius Reynaud,RB,0.0,-18.62,-10.4,-0.1907,-0.1095,26.5,0,,
2013,4,00-0026188,Frederick Davis,TE,0.0,-19.18,-10.3,-0.1959,-0.1085,26.5,0,,
2013,4,00-0023968,Micheal Spurlock,WR,0.0,-17.73,-10.3,-0.1822,-0.1085,26.5,0,,
2013,4,00-0028021,Jerrel Jernigan,WR,0.0,-17.73,-10.3,-0.1822,-0.1085,26.5,0,,
2013,4,00-0027567,Steven Maneri,TE,0.0,-19.18,-10.3,-0.1959,-0.1085,26.5,0,,
2013,4,00-0026197,Chad Henne,QB,0.0,-18.58,-9.62,-0.1903,-0.1015,26.5,0,,
2013,4,00-0029694,Michael Egnew,TE,0.0,-19.18,-10.3,-0.1959,-0.1085,26.5,0,,
2013,4,00-0027346,Alfonso Smith,RB,0.0,-18.62,-10.4,-0.1907,-0.1095,26.5,0,,
2013,4,00-0027134,Curtis Painter,QB,0.0,-18.58,-9.62,-0.1903,-0.1015,26.5,0,,
2013,4,00-0027321,Jeffrey Cumberland,TE,10.9,-8.28,0.6,-0.0876,0.0064,26.5,1,,
2013,4,00-0020531,Drew Brees,QB,32.72,14.14,23.1,0.1473,0.2315,26.5,1,,
2013,4,00-0023564,Darren Sproles,RB,31.2,12.58,20.8,0.1316,0.2109,26.5,1,,
2013,4,00-0029438,Christopher Polk,RB,13.2,-5.42,2.8,-0.0576,0.0298,26.5,1,,
2013,4,00-0026498,John Stafford,QB,15.48,-3.1,5.86,-0.033,0.0622,26.5,1,,
2013,4,00-0027696,Jimmy Graham,TE,28.0,8.82,17.7,0.0932,0.1819,26.5,1,,
2013,4,00-0026186,Jerome Simpson,WR,19.4,1.67,9.1,0.0178,0.0961,26.5,1,,
2013,4,00-0024267,Gregory Jennings,WR,24.2,6.47,13.9,0.0686,0.1449,26.5,1,,
2013,4,00-0026937,Brandon Gibson,WR,13.1,-4.63,2.8,-0.0493,0.0298,26.5,1,,
2013,4,00-0027873,Jermaine Gresham,TE,9.8,-9.38,-0.5,-0.099,-0.0053,26.5,0,,
2013,4,00-0028061,Tandon Doss,WR,8.7,-9.03,-1.6,-0.0954,-0.0171,26.5,0,,
2013,4,00-0030085,Kenneth Stills,WR,7.8,-9.93,-2.5,-0.1047,-0.0266,26.5,0,,
2013,4,00-0026349,Matthew Flynn,QB,6.48,-12.1,-3.14,-0.1268,-0.0334,26.5,0,,
2013,4,00-0030460,Markus Wheaton,WR,5.6,-12.13,-4.7,-0.1271,-0.05,26.5,0,,
2013,4,00-0023496,Vincent Jackson,WR,4.7,-13.03,-5.6,-0.1362,-0.0595,26.5,0,,
2013,4,00-0027964,Jonathan Baldwin,WR,3.9,-13.83,-6.4,-0.1442,-0.0679,26.5,0,,
2013,4,00-0029612,Daryl Richardson,RB,3.4,-15.22,-7.0,-0.158,-0.0742,26.5,0,,
2013,4,00-0029492,Jamize Olawale,RB,2.5,-16.12,-7.9,-0.1668,-0.0836,26.5,0,,
2013,4,00-0025431,Sidney Rice,WR,2.1,-15.63,-8.2,-0.162,-0.0867,26.5,0,,
2013,4,00-0026162,Felix Jones,RB,1.7,-16.92,-8.7,-0.1745,-0.0919,26.5,0,,
2013,4,00-0026237,Andre Caldwell,WR,1.5,-16.23,-8.8,-0.1678,-0.093,26.5,0,,
2013,4,00-0027786,Jonathan Dwyer,RB,0.7,-17.92,-9.7,-0.1841,-0.1023,26.5,0,,
2013,4,00-0020679,Shaun Hill,QB,0.0,-18.58,-9.62,-0.1903,-0.1015,26.5,0,,
2013,4,00-0030433,Michael Gillislee,RB,0.0,-18.62,-10.4,-0.1907,-0.1095,26.5,0,,
2013,4,00-0030536,Zachary Stacy,RB,0.0,-18.62,-10.4,-0.1907,-0.1095,26.5,0,,
2013,4,00-0030586,Ryan Nassib,QB,0.0,-18.58,-9.62,-0.1903,-0.1015,26.5,0,,
2013,4,00-0029260,LaMichael James,RB,0.0,-18.62,-10.4,-0.1907,-0.1095,26.5,0,,
2013,4,00-0028838,Larry Donnell,TE,0.0,-19.18,-10.3,-0.1959,-0.1085,26.5,0,,
2013,4,00-0030524,Matthew Jones,QB,0.0,-18.58,-9.62,-0.1903,-0.1015,26.5,0,,
2013,4,00-0028863,Dominique Davis,QB,0.0,-18.58,-9.62,-0.1903,-0.1015,26.5,0,,
2013,4,00-0028995,Stephen Hill,WR,0.0,-17.73,-10.3,-0.1822,-0.1085,26.5,0,,
2013,4,00-0024272,Devin Hester,WR,0.0,-17.73,-10.3,-0.1822,-0.1085,26.5,0,,
2013,4,00-0025542,Dante Rosario,TE,0.0,-19.18,-10.3,-0.1959,-0.1085,26.5,0,,
2013,4,00-0029218,David Paulson,TE,0.0,-19.18,-10.3,-0.1959,-0.1085,26.5,0,,
2013,4,00-0021206,Joshua McCown,QB,0.0,-18.58,-9.62,-0.1903,-0.1015,26.5,0,,
2013,4,00-0028016,Austin Pettis,WR,10.9,-6.83,0.6,-0.0724,0.0064,26.5,1,,
2013,4,00-0010346,Peyton Manning,QB,29.08,10.5,19.46,0.1105,0.1985,26.5,1,,
2013,4,00-0024204,Fredrick Jackson,RB,12.7,-5.92,2.3,-0.0629,0.0245,26.5,1,,
2013,4,00-0026796,Arian Foster,RB,29.1,10.48,18.7,0.1103,0.1914,26.5,1,,
2013,4,00-0021429,Carson Palmer,QB,10.52,-8.06,0.9,-0.0853,0.0096,26.5,1,,
2013,4,00-0021547,Antonio Gates,TE,34.6,15.42,24.3,0.1599,0.242,26.5,1,,
2013,4,00-0030400,Marlon Brown,WR,13.4,-4.33,3.1,-0.0461,0.033,26.5,1,,
2013,4,00-0030542,Terrance Williams,WR,12.1,-5.63,1.8,-0.0598,0.0192,26.5,1,,
2013,4,00-0025389,Calvin Johnson,WR,14.4,-3.33,4.1,-0.0355,0.0436,26.5,1,,
2013,4,00-0027685,Emmanuel Sanders,WR,9.7,-8.03,-0.6,-0.085,-0.0064,26.5,0,,
2013,4,00-0030521,Justin Hunter,WR,8.6,-9.13,-1.7,-0.0964,-0.0181,26.5,0,,
2013,4,00-0029683,Ronnie Hillman,RB,7.7,-10.92,-2.7,-0.1149,-0.0288,26.5,0,,
2013,4,00-0027077,Brian Hartline,WR,6.4,-11.33,-3.9,-0.119,-0.0415,26.5,0,,
2013,4,00-0027215,James Paulsen,TE,5.6,-13.58,-4.7,-0.1417,-0.05,26.5,0,,
2013,4,00-0030564,DeAndre Hopkins,WR,4.7,-13.03,-5.6,-0.1362,-0.0595,26.5,0,,
2013,4,00-0024275,Maurice Jones-Drew,RB,3.8,-14.82,-6.6,-0.154,-0.07,26.5,0,,
2013,4,00-0026163,Rashard Mendenhall,RB,3.4,-15.22,-7.0,-0.158,-0.0742,26.5,0,,
2013,4,00-0027825,James Dray,TE,2.5,-16.68,-7.8,-0.1721,-0.0826,26.5,0,,
2013,4,00-0023545,Brandon Jacobs,RB,2.0,-16.62,-8.4,-0.1716,-0.0888,26.5,0,,
2013,4,00-0029262,Rueben Randle,WR,1.7,-16.03,-8.6,-0.1659,-0.0909,26.5,0,,
2013,4,00-0007091,Matthew Hasselbeck,QB,1.48,-17.1,-8.14,-0.1762,-0.0861,26.5,0,,
2013,4,00-0029273,Robert Turbin,RB,0.4,-18.22,-10.0,-0.1869,-0.1054,26.5,0,,
2013,4,00-0021999,Nathaniel Burleson,WR,0.0,-17.73,-10.3,-0.1822,-0.1085,26.5,0,,
2013,4,00-0029091,Bradley Sowell,TE,0.0,-19.18,-10.3,-0.1959,-0.1085,26.5,0,,
2013,4,00-0029234,Kellen Moore,QB,0.0,-18.58,-9.62,-0.1903,-0.1015,26.5,0,,
2013,4,00-0028903,Garrett Celek,TE,0.0,-19.18,-10.3,-0.1959,-0.1085,26.5,0,,
2013,4,00-0028795,Chase Reynolds,RB,0.0,-18.62,-10.4,-0.1907,-0.1095,26.5,0,,
2013,4,00-0027581,Oluseyi Ajirotutu,WR,0.0,-17.73,-10.3,-0.1822,-0.1085,26.5,0,,
2013,4,00-0027135,Brandon Myers,TE,0.0,-19.18,-10.3,-0.1959,-0.1085,26.5,0,,
2013,4,00-0023310,Lance Moore,WR,0.0,-17.73,-10.3,-0.1822,-0.1085,26.5,0,,
2013,4,00-0026855,Antone Smith,RB,0.0,-18.62,-10.4,-0.1907,-0.1095,26.5,0,,
2013,4,00-0026035,Daniel Amendola,WR,0.0,-17.73,-10.3,-0.1822,-0.1085,26.5,0,,
2013,4,00-0029590,Taylor Thompson,TE,0.0,-19.18,-10.3,-0.1959,-0.1085,26.5,0,,
2013,4,00-0029673,DeVier Posey,WR,0.0,-17.73,-10.3,-0.1822,-0.1085,26.5,0,,
2013,4,00-0025708,Matthew Moore,QB,0.0,-18.58,-9.62,-0.1903,-0.1015,26.5,0,,
2013,4,00-0027325,LeGarrette Blount,RB,12.4,-6.22,2.0,-0.0661,0.0213,26.5,1,,
2013,4,00-0022787,Matthew Schaub,QB,18.7,0.12,9.08,0.0013,0.0959,26.5,1,,
2013,4,00-0027140,Christopher Ogbonnaya,RB,15.8,-2.82,5.4,-0.0301,0.0574,26.5,1,,
2013,4,00-0029675,Trenton Richardson,RB,13.6,-5.02,3.2,-0.0534,0.0341,26.5,1,,
2013,4,00-0029665,Robert Griffin,QB,14.08,-4.5,4.46,-0.0479,0.0474,26.5,1,,
2013,4,00-0027718,Garrett Graham,TE,19.4,0.22,9.1,0.0023,0.0961,26.5,1,,
2013,4,00-0027702,Michael Williams,WR,13.8,-3.93,3.5,-0.0418,0.0373,26.5,1,,
2013,4,00-0026224,Harry Douglas,WR,11.8,-5.93,1.5,-0.063,0.016,26.5,1,,
2013,4,00-0022084,Anquan Boldin,WR,20.0,2.27,9.7,0.0242,0.1023,26.5,1,,
2013,4,00-0029263,Russell Wilson,QB,9.62,-8.96,0.0,-0.0947,0.0,26.5,0,,
2013,4,00-0030549,Tyler Eifert,TE,8.4,-10.78,-1.9,-0.1134,-0.0203,26.5,0,,
2013,4,00-0027861,Clifford Spiller,RB,7.7,-10.92,-2.7,-0.1149,-0.0288,26.5,0,,
2013,4,00-0026983,Darrius Heyward-Bey,WR,6.3,-11.43,-4.0,-0.12,-0.0426,26.5,0,,
2013,4,00-0026901,Burnell Wallace,WR,5.4,-12.33,-4.9,-0.1292,-0.0521,26.5,0,,
2013,4,00-0027891,Golden Tate,WR,4.7,-13.03,-5.6,-0.1362,-0.0595,26.5,0,,
2013,4,00-0028007,Robert Housler,TE,3.8,-15.38,-6.5,-0.1595,-0.069,26.5,0,,
2013,4,00-0030474,Joshua Boyce,WR,3.4,-14.33,-6.9,-0.1492,-0.0732,26.5,0,,
2013,4,00-0030522,Montee Ball,RB,2.4,-16.22,-8.0,-0.1677,-0.0847,26.5,0,,
2013,4,00-0030540,Aaron Dobson,WR,2.0,-15.73,-8.3,-0.1629,-0.0878,26.5,0,,
2013,4,00-0026281,Gary Barnidge,TE,1.7,-17.48,-8.6,-0.1798,-0.0909,26.5,0,,
2013,4,00-0028876,Collin Mooney,RB,1.3,-17.32,-9.1,-0.1783,-0.0961,26.5,0,,
2013,4,00-0028121,Jordan Todman,RB,0.4,-18.22,-10.0,-0.1869,-0.1054,26.5,0,,
2013,4,00-0026899,Shonn Greene,RB,0.0,-18.62,-10.4,-0.1907,-0.1095,26.5,0,,
2013,4,00-0027356,Marlon Moore,WR,0.0,-17.73,-10.3,-0.1822,-0.1085,26.5,0,,
2013,4,00-0024332,Leon Washington,RB,0.0,-18.62,-10.4,-0.1907,-0.1095,26.5,0,,
2013,4,00-0029999,Zachary Sudfeld,TE,0.0,-19.18,-10.3,-0.1959,-0.1085,26.5,0,,
2013,4,00-0030394,Zac Dysert,QB,0.0,-18.58,-9.62,-0.1903,-0.1015,26.5,0,,
2013,4,00-0030532,Stedman Bailey,WR,0.0,-17.73,-10.3,-0.1822,-0.1085,26.5,0,,
2013,4,00-0029952,Tobais Palmer,WR,0.0,-17.73,-10.3,-0.1822,-0.1085,26.5,0,,
2013,4,00-0027708,Marcus Easley,WR,0.0,-17.73,-10.3,-0.1822,-0.1085,26.5,0,,
2013,4,00-0030422,Dion Sims,TE,0.0,-19.18,-10.3,-0.1959,-0.1085,26.5,0,,
2013,4,00-0026300,Joshua Johnson,QB,0.0,-18.58,-9.62,-0.1903,-0.1015,26.5,0,,
2013,4,00-0029298,Cyrus Gray,RB,0.0,-18.62,-10.4,-0.1907,-0.1095,26.5,0,,
2013,4,00-0028202,Kenneth Draughn,RB,0.0,-18.62,-10.4,-0.1907,-0.1095,26.5,0,,
2013,4,00-0023506,Edwin Smith,TE,0.0,-19.18,-10.3,-0.1959,-0.1085,26.5,0,,
2013,4,00-0029910,Timothy Wright,TE,11.6,-7.58,1.3,-0.0803,0.0139,26.5,1,,
2013,4,00-0026625,Brian Hoyer,QB,19.46,0.88,9.84,0.0094,0.1037,26.5,1,,
2013,4,00-0028009,DeMarco Murray,RB,13.2,-5.42,2.8,-0.0576,0.0298,26.5,1,,
2013,4,00-0026184,Matthew Forte,RB,22.7,4.08,12.3,0.0434,0.1288,26.5,1,,
2013,4,00-0022924,Benjamin Roethlisberger,QB,15.32,-3.26,5.7,-0.0347,0.0605,26.5,1,,
2013,4,00-0028112,Charles Clay,TE,19.2,0.02,8.9,0.0002,0.094,26.5,1,,
2013,4,00-0027902,Desmond Bryant,WR,26.1,8.37,15.8,0.0885,0.1636,26.5,1,,
2013,4,00-0020498,Reginald Wayne,WR,21.0,3.27,10.7,0.0348,0.1126,26.5,1,,
2013,4,00-0028543,Jeffrey Maehl,WR,12.3,-5.43,2.0,-0.0577,0.0213,26.5,1,,
2013,4,00-0027003,Donald Brown,RB,9.6,-9.02,-0.8,-0.0953,-0.0085,26.5,0,,
2013,4,00-0029251,David Wilson,RB,8.3,-10.32,-2.1,-0.1087,-0.0224,26.5,0,,
2013,4,00-0027854,Samuel Bradford,QB,7.68,-10.9,-1.94,-0.1146,-0.0207,26.5,0,,
2013,4,00-0027005,Hakeem Nicks,WR,6.3,-11.43,-4.0,-0.12,-0.0426,26.5,0,,
2013,4,00-0028049,Edmond Gates,WR,5.4,-12.33,-4.9,-0.1292,-0.0521,26.5,0,,
2013,4,00-0029000,Cole Beasley,WR,4.6,-13.13,-5.7,-0.1372,-0.0605,26.5,0,,
2013,4,00-0029129,Rod Streater,WR,3.8,-13.93,-6.5,-0.1452,-0.069,26.5,0,,
2013,4,00-0026373,Justin Forsett,RB,3.3,-15.32,-7.1,-0.159,-0.0753,26.5,0,,
2013,4,00-0030470,Vance McDonald,TE,2.4,-16.78,-7.9,-0.1731,-0.0836,26.5,0,,
2013,4,00-0028142,Virgil Green,TE,2.0,-17.18,-8.3,-0.177,-0.0878,26.5,0,,
2013,4,00-0026195,Raymell Rice,RB,1.7,-16.92,-8.7,-0.1745,-0.0919,26.5,0,,
2013,4,00-0025860,BenJarvus Green-Ellis,RB,1.3,-17.32,-9.1,-0.1783,-0.0961,26.5,0,,
2013,4,00-0027709,Jacoby Ford,WR,0.3,-17.43,-10.0,-0.1794,-0.1054,26.5,0,,
2013,4,00-0023679,William Bajema,TE,0.0,-19.18,-10.3,-0.1959,-0.1085,26.5,0,,
2013,4,00-0026932,Cedric Peerman,RB,0.0,-18.62,-10.4,-0.1907,-0.1095,26.5,0,,
2013,4,00-0028613,Phillip Tanner,RB,0.0,-18.62,-10.4,-0.1907,-0.1095,26.5,0,,
2013,4,00-0026993,Josh Freeman,QB,0.0,-18.58,-9.62,-0.1903,-0.1015,26.5,0,,
2013,4,00-0030107,Theodore Riddick,RB,0.0,-18.62,-10.4,-0.1907,-0.1095,26.5,0,,
2013,4,00-0020494,Santana Moss,WR,0.0,-17.73,-10.3,-0.1822,-0.1085,26.5,0,,
2013,4,00-0030432,Christine Michael,RB,0.0,-18.62,-10.4,-0.1907,-0.1095,26.5,0,,
2013,4,00-0024408,Bruce Gradkowski,QB,0.0,-18.58,-9.62,-0.1903,-0.1015,26.5,0,,
2013,4,00-0023630,Joel Dreessen,TE,0.0,-19.18,-10.3,-0.1959,-0.1085,26.5,0,,
2013,4,00-0028237,Christopher Hogan,WR,0.0,-17.73,-10.3,-0.1822,-0.1085,26.5,0,,
2013,4,00-0028105,Ryan Whalen,WR,0.0,-17.73,-10.3,-0.1822,-0.1085,26.5,0,,
2013,4,00-0027796,Joseph Webb,QB,0.0,-18.58,-9.62,-0.1903,-0.1015,26.5,0,,
2013,4,00-0030151,Tyler Bray,QB,0.0,-18.58,-9.62,-0.1903,-0.1015,26.5,0,,
2013,4,00-0028020,Vincent Brown,WR,11.1,-6.63,0.8,-0.0703,0.0085,26.5,1,,
2013,4,00-0021678,Antonio Romo,QB,19.34,0.76,9.72,0.0081,0.1025,26.5,1,,
2013,4,00-0023500,Franklin Gore,RB,19.3,0.68,8.9,0.0072,0.094,26.5,1,,
2013,4,00-0026988,Knowshon Moreno,RB,16.1,-2.52,5.7,-0.0269,0.0605,26.5,1,,
2013,4,00-0028091,Jeremy Kerley,WR,10.5,-7.23,0.2,-0.0766,0.0021,26.5,1,,
2013,4,00-0022922,Kellen Winslow,TE,16.3,-2.88,6.0,-0.0307,0.0637,26.5,1,,
2013,4,00-0022811,Jerricho Cotchery,WR,21.3,3.57,11.0,0.038,0.1156,26.5,1,,
2013,4,00-0030431,Robert Woods,WR,19.3,1.57,9.0,0.0167,0.0951,26.5,1,,
2013,4,00-0030000,Kenbrell Thompkins,WR,24.7,6.97,14.4,0.0739,0.1498,26.5,1,,
2013,4,00-0022165,Dallas Clark,TE,9.4,-9.78,-0.9,-0.1031,-0.0096,26.5,0,,
2013,4,00-0030565,Eugene Smith,QB,8.26,-10.32,-1.36,-0.1087,-0.0145,26.5,0,,
2013,4,00-0026008,Matthew Mulligan,TE,7.6,-11.58,-2.7,-0.1215,-0.0288,26.5,0,,
2013,4,00-0027218,Joique Bell,RB,6.2,-12.42,-4.2,-0.1301,-0.0447,26.5,0,,
2013,4,00-0026189,DeSean Jackson,WR,5.4,-12.33,-4.9,-0.1292,-0.0521,26.5,0,,
2013,4,00-0022178,Willis McGahee,RB,4.6,-14.02,-5.8,-0.1461,-0.0616,26.5,0,,
2013,4,00-0030526,Erik Manuel,QB,3.78,-14.8,-5.84,-0.1538,-0.062,26.5,0,,
2013,4,00-0029722,Jeffery Demps,RB,3.2,-15.42,-7.2,-0.1599,-0.0763,26.5,0,,
2013,4,00-0027445,Jeron Mastrud,TE,2.3,-16.88,-8.0,-0.1741,-0.0847,26.5,0,,
2013,4,00-0030578,Cordarrelle Patterson,RB,1.9,-16.72,-8.5,-0.1726,-0.0899,26.5,0,,
2013,4,00-0030516,Brice Butler,WR,1.6,-16.13,-8.7,-0.1668,-0.0919,26.5,0,,
2013,4,00-0028034,Alexander Green,RB,1.2,-17.42,-9.2,-0.1793,-0.0971,26.5,0,,
2013,4,00-0030280,Knile Davis,RB,0.2,-18.42,-10.2,-0.1888,-0.1074,26.5,0,,
2013,4,00-0022736,Steven Jackson,RB,0.0,-18.62,-10.4,-0.1907,-0.1095,26.5,0,,
2013,4,00-0029151,Matthew Simms,QB,0.0,-18.58,-9.62,-0.1903,-0.1015,26.5,0,,
2013,4,00-0030512,Nicholas Kasa,TE,0.0,-19.18,-10.3,-0.1959,-0.1085,26.5,0,,
2013,4,00-0029275,Ladarius Green,TE,0.0,-19.18,-10.3,-0.1959,-0.1085,26.5,0,,
2013,4,00-0028581,Patrick DiMarco,RB,0.0,-18.62,-10.4,-0.1907,-0.1095,26.5,0,,
2013,4,00-0025487,Michael Bush,RB,0.0,-18.62,-10.4,-0.1907,-0.1095,26.5,0,,
2013,4,00-0022121,Rex Grossman,QB,0.0,-18.58,-9.62,-0.1903,-0.1015,26.5,0,,
2013,4,00-0029854,Cortrelle Anderson,RB,0.0,-18.62,-10.4,-0.1907,-0.1095,26.5,0,,
2013,4,00-0023541,Kyle Orton,QB,0.0,-18.58,-9.62,-0.1903,-0.1015,26.5,0,,
2013,4,00-0026757,Kory Sperry,TE,0.0,-19.18,-10.3,-0.1959,-0.1085,26.5,0,,
2013,4,00-0028825,Terrelle Pryor,WR,0.0,-17.73,-10.3,-0.1822,-0.1085,26.5,0,,
2013,4,00-0025414,Robert Meachem,WR,0.0,-17.73,-10.3,-0.1822,-0.1085,26.5,0,,
2013,4,00-0029209,Ryan Broyles,WR,0.0,-17.73,-10.3,-0.1822,-0.1085,26.5,0,,
2013,5,00-0030443,Levine Toilolo,TE,10.5,-6.18,2.1,-0.0689,0.0235,25.2,1,,
2013,5,00-0029263,Russell Wilson,QB,22.6,3.68,13.62,0.0411,0.1489,25.2,1,,
2013,5,00-0028009,DeMarco Murray,RB,11.8,-4.86,1.9,-0.0543,0.0213,25.2,1,,
2013,5,00-0022178,Willis McGahee,RB,13.2,-3.46,3.3,-0.0387,0.0369,25.2,1,,
2013,5,00-0020337,Stevonne Smith,WR,10.0,-7.71,0.2,-0.0857,0.0022,25.2,1,,
2013,5,00-0028067,Julius Thomas,TE,37.7,21.02,29.3,0.2224,0.2946,25.2,1,,
2013,5,00-0030542,Terrance Williams,WR,27.3,9.59,17.5,0.1061,0.1884,25.2,1,,
2013,5,00-0029129,Rod Streater,WR,14.6,-3.11,4.8,-0.0348,0.0536,25.2,1,,
2013,5,00-0027005,Hakeem Nicks,WR,23.2,5.49,13.4,0.0613,0.1466,25.2,1,,
2013,5,00-0029683,Ronnie Hillman,RB,9.9,-6.76,0.0,-0.0753,0.0,25.2,0,,
2013,5,00-0030536,Zachary Stacy,RB,7.8,-8.86,-2.1,-0.0982,-0.0235,25.2,0,,
2013,5,00-0030456,Giovani Bernard,RB,6.9,-9.76,-3.0,-0.108,-0.0336,25.2,0,,
2013,5,00-0023437,Ronnie Brown,RB,6.2,-10.46,-3.7,-0.1155,-0.0414,25.2,0,,
2013,5,00-0029632,Mohamed Sanu,WR,4.8,-12.91,-5.0,-0.1415,-0.0558,25.2,0,,
2013,5,00-0028995,Stephen Hill,WR,4.1,-13.61,-5.7,-0.1488,-0.0636,25.2,0,,
2013,5,00-0024466,Marques Colston,WR,3.5,-14.21,-6.3,-0.155,-0.0702,25.2,0,,
2013,5,00-0026224,Harry Douglas,WR,2.6,-15.11,-7.2,-0.1643,-0.0801,25.2,0,,
2013,5,00-0025431,Sidney Rice,WR,1.8,-15.91,-8.0,-0.1724,-0.0889,25.2,0,,
2013,5,00-0027893,Damian Williams,WR,1.4,-16.31,-8.4,-0.1765,-0.0932,25.2,0,,
2013,5,00-0027864,Ryan Mathews,RB,0.8,-15.86,-9.1,-0.172,-0.1008,25.2,0,,
2013,5,00-0030432,Christine Michael,RB,0.0,-16.66,-9.9,-0.18,-0.1095,25.2,0,,
2013,5,00-0025389,Calvin Johnson,WR,0.0,-17.71,-9.8,-0.1905,-0.1084,25.2,0,,
2013,5,00-0030433,Michael Gillislee,RB,0.0,-16.66,-9.9,-0.18,-0.1095,25.2,0,,
2013,5,00-0030181,John Doyle,TE,0.0,-16.68,-8.4,-0.1802,-0.0932,25.2,0,,
2013,5,00-0027995,Mikel Leshoure,RB,0.0,-16.66,-9.9,-0.18,-0.1095,25.2,0,,
2013,5,00-0030512,Nicholas Kasa,TE,0.0,-16.68,-8.4,-0.1802,-0.0932,25.2,0,,
2013,5,00-0026757,Kory Sperry,TE,0.0,-16.68,-8.4,-0.1802,-0.0932,25.2,0,,
2013,5,00-0028307,Andrew Davis,WR,0.0,-17.71,-9.8,-0.1905,-0.1084,25.2,0,,
2013,5,00-0029878,MarQueis Gray,TE,0.0,-16.68,-8.4,-0.1802,-0.0932,25.2,0,,
2013,5,00-0030394,Zac Dysert,QB,0.0,-18.92,-8.98,-0.2024,-0.0995,25.2,0,,
2013,5,00-0028202,Kenneth Draughn,RB,0.0,-16.66,-9.9,-0.18,-0.1095,25.2,0,,
2013,5,00-0030134,Michael Ford,RB,0.0,-16.66,-9.9,-0.18,-0.1095,25.2,0,,
2013,5,00-0023506,Edwin Smith,TE,0.0,-16.68,-8.4,-0.1802,-0.0932,25.2,0,,
2013,5,00-0030450,Quinton Patton,WR,0.0,-17.71,-9.8,-0.1905,-0.1084,25.2,0,,
2013,5,00-0026996,Brandon Pettigrew,TE,11.9,-4.78,3.5,-0.0534,0.0391,25.2,1,,
2013,5,00-0027854,Samuel Bradford,QB,20.28,1.36,11.3,0.0152,0.1245,25.2,1,,
2013,5,00-0024217,Reginald Bush,RB,10.9,-5.76,1.0,-0.0643,0.0112,25.2,1,,
2013,5,00-0026163,Rashard Mendenhall,RB,13.0,-3.66,3.1,-0.0409,0.0347,25.2,1,,
2013,5,00-0020245,Michael Vick,QB,12.1,-6.82,3.12,-0.0759,0.0349,25.2,1,,
2013,5,00-0025549,Brent Celek,TE,15.2,-1.48,6.8,-0.0166,0.0757,25.2,1,,
2013,5,00-0028825,Terrelle Pryor,WR,18.94,1.23,9.14,0.0138,0.1013,25.2,1,,
2013,5,00-0026901,Burnell Wallace,WR,17.5,-0.21,7.7,-0.0023,0.0856,25.2,1,,
2013,5,00-0029708,Kendall Wright,WR,13.4,-4.31,3.6,-0.0481,0.0403,25.2,1,,
2013,5,00-0029159,Jermaine Kearse,WR,9.8,-7.91,0.0,-0.0879,0.0,25.2,0,,
2013,5,00-0026197,Chad Henne,QB,7.76,-11.16,-1.22,-0.123,-0.0137,25.2,0,,
2013,5,00-0022044,Andre Johnson,WR,6.9,-10.81,-2.9,-0.1192,-0.0324,25.2,0,,
2013,5,00-0027718,Garrett Graham,TE,6.0,-10.68,-2.4,-0.1179,-0.0269,25.2,0,,
2013,5,00-0027346,Alfonso Smith,RB,4.8,-11.86,-5.1,-0.1304,-0.0569,25.2,0,,
2013,5,00-0029660,Trevor Graham,WR,4.1,-13.61,-5.7,-0.1488,-0.0636,25.2,0,,
2013,5,00-0028021,Jerrel Jernigan,WR,3.3,-14.41,-6.5,-0.1571,-0.0724,25.2,0,,
2013,5,00-0026210,Earl Bennett,WR,2.4,-15.31,-7.4,-0.1663,-0.0823,25.2,0,,
2013,5,00-0023545,Brandon Jacobs,RB,1.7,-14.96,-8.2,-0.1628,-0.091,25.2,0,,
2013,5,00-0029273,Robert Turbin,RB,1.4,-15.26,-8.5,-0.1659,-0.0943,25.2,0,,
2013,5,00-0026983,Darrius Heyward-Bey,WR,0.7,-17.01,-9.1,-0.1835,-0.1008,25.2,0,,
2013,5,00-0027791,James Starks,RB,0.0,-16.66,-9.9,-0.18,-0.1095,25.2,0,,
2013,5,00-0028362,Michael Preston,WR,0.0,-17.71,-9.8,-0.1905,-0.1084,25.2,0,,
2013,5,00-0007091,Matthew Hasselbeck,QB,0.0,-18.92,-8.98,-0.2024,-0.0995,25.2,0,,
2013,5,00-0023921,Miles Austin,WR,0.0,-17.71,-9.8,-0.1905,-0.1084,25.2,0,,
2013,5,00-0027691,Andre Roberts,WR,0.0,-17.71,-9.8,-0.1905,-0.1084,25.2,0,,
2013,5,00-0026931,McKenna Pascoe,TE,0.0,-16.68,-8.4,-0.1802,-0.0932,25.2,0,,
2013,5,00-0030288,Michael Burkhead,RB,0.0,-16.66,-9.9,-0.18,-0.1095,25.2,0,,
2013,5,00-0028073,Richard Stanzi,QB,0.0,-18.92,-8.98,-0.2024,-0.0995,25.2,0,,
2013,5,00-0028156,Ryan Taylor,TE,0.0,-16.68,-8.4,-0.1802,-0.0932,25.2,0,,
2013,5,00-0027775,Russell Smith,QB,0.0,-18.92,-8.98,-0.2024,-0.0995,25.2,0,,
2013,5,00-0028876,Collin Mooney,RB,0.0,-16.66,-9.9,-0.18,-0.1095,25.2,0,,
2013,5,00-0028063,Taiwan Jones,RB,0.0,-16.66,-9.9,-0.18,-0.1095,25.2,0,,
2013,5,00-0028353,Andre Smith,TE,0.0,-16.68,-8.4,-0.1802,-0.0932,25.2,0,,
2013,5,00-0027688,Daniel McCoy,QB,-0.3,-19.22,-9.28,-0.2053,-0.1028,25.2,0,,
2013,5,00-0024276,Anthony Scheffler,TE,11.5,-5.18,3.1,-0.0578,0.0347,25.2,1,,
2013,5,00-0020531,Drew Brees,QB,19.32,0.4,10.34,0.0045,0.1142,25.2,1,,
2013,5,00-0027861,Clifford Spiller,RB,12.6,-4.06,2.7,-0.0454,0.0302,25.2,1,,
2013,5,00-0026164,Christopher Johnson,RB,18.0,1.34,8.1,0.015,0.0899,25.2,1,,
2013,5,00-0026158,Joseph Flacco,QB,10.06,-8.86,1.08,-0.0982,0.0121,25.2,1,,
2013,5,00-0021547,Antonio Gates,TE,17.9,1.22,9.5,0.0136,0.1052,25.2,1,,
2013,5,00-0028002,Randall Cobb,WR,14.7,-3.01,4.9,-0.0337,0.0547,25.2,1,,
2013,5,00-0028091,Jeremy Kerley,WR,17.8,0.09,8.0,0.001,0.0889,25.2,1,,
2013,5,00-0030431,Robert Woods,WR,11.4,-6.31,1.6,-0.0703,0.0179,25.2,1,,
2013,5,00-0027265,Victor Cruz,WR,9.8,-7.91,0.0,-0.0879,0.0,25.2,0,,
2013,5,00-0029251,David Wilson,RB,7.6,-9.06,-2.3,-0.1004,-0.0257,25.2,0,,
2013,5,00-0027939,Cameron Newton,QB,6.82,-12.1,-2.16,-0.133,-0.0242,25.2,0,,
2013,5,00-0023367,Nathaniel Washington,WR,6.0,-11.71,-3.8,-0.1288,-0.0425,25.2,0,,
2013,5,00-0029612,Daryl Richardson,RB,4.8,-11.86,-5.1,-0.1304,-0.0569,25.2,0,,
2013,5,00-0027155,Rashad Jennings,RB,4.1,-12.56,-5.8,-0.1378,-0.0647,25.2,0,,
2013,5,00-0028000,Daniel Thomas,RB,3.2,-13.46,-6.7,-0.1473,-0.0746,25.2,0,,
2013,5,00-0029415,Keshawn Martin,WR,2.4,-15.31,-7.4,-0.1663,-0.0823,25.2,0,,
2013,5,00-0027140,Christopher Ogbonnaya,RB,1.7,-14.96,-8.2,-0.1628,-0.091,25.2,0,,
2013,5,00-0027608,Kyle Williams,WR,1.3,-16.41,-8.5,-0.1775,-0.0943,25.2,0,,
2013,5,00-0028090,Taylor Yates,QB,0.6,-18.32,-8.38,-0.1965,-0.093,25.2,0,,
2013,5,00-0027755,Brandon Reed,WR,0.0,-17.71,-9.8,-0.1905,-0.1084,25.2,0,,
2013,5,00-0027139,John Phillips,TE,0.0,-16.68,-8.4,-0.1802,-0.0932,25.2,0,,
2013,5,00-0029091,Bradley Sowell,TE,0.0,-16.68,-8.4,-0.1802,-0.0932,25.2,0,,
2013,5,00-0026293,Matthew Slater,WR,0.0,-17.71,-9.8,-0.1905,-0.1084,25.2,0,,
2013,5,00-0026298,Kellen Davis,TE,0.0,-16.68,-8.4,-0.1802,-0.0932,25.2,0,,
2013,5,00-0026644,Josh Vaughan,RB,0.0,-16.66,-9.9,-0.18,-0.1095,25.2,0,,
2013,5,00-0030128,Michael Cox,RB,0.0,-16.66,-9.9,-0.18,-0.1095,25.2,0,,
2013,5,00-0029155,William Brown,WR,0.0,-17.71,-9.8,-0.1905,-0.1084,25.2,0,,
2013,5,00-0030547,Denard Robinson,RB,0.0,-16.66,-9.9,-0.18,-0.1095,25.2,0,,
2013,5,00-0028012,Ryan Mallett,QB,0.0,-18.92,-8.98,-0.2024,-0.0995,25.2,0,,
2013,5,00-0030085,Kenneth Stills,WR,0.0,-17.71,-9.8,-0.1905,-0.1084,25.2,0,,
2013,5,00-0030532,Stedman Bailey,WR,0.0,-17.71,-9.8,-0.1905,-0.1084,25.2,0,,
2013,5,00-0030151,Tyler Bray,QB,0.0,-18.92,-8.98,-0.2024,-0.0995,25.2,0,,
2013,5,00-0030078,Johnathan Franklin,RB,-0.9,-17.56,-10.8,-0.189,-0.1191,25.2,0,,
2013,5,00-0030549,Tyler Eifert,TE,12.8,-3.88,4.4,-0.0434,0.0492,25.2,1,,
2013,5,00-0022942,Philip Rivers,QB,18.44,-0.48,9.46,-0.0054,0.1047,25.2,1,,
2013,5,00-0024275,Maurice Jones-Drew,RB,10.6,-6.06,0.7,-0.0676,0.0078,25.2,1,,
2013,5,00-0026796,Arian Foster,RB,15.8,-0.86,5.9,-0.0097,0.0658,25.2,1,,
2013,5,00-0022803,Elisha Manning,QB,15.36,-3.56,6.38,-0.0398,0.0711,25.2,1,,
2013,5,00-0028112,Charles Clay,TE,15.7,-0.98,7.3,-0.011,0.0812,25.2,1,,
2013,5,00-0028016,Austin Pettis,WR,20.9,3.19,11.1,0.0357,0.1223,25.2,1,,
2013,5,00-0029608,Eugene Hilton,WR,31.0,13.29,21.2,0.1455,0.2241,25.2,1,,
2013,5,00-0028045,Kristopher Durham,WR,12.0,-5.71,2.2,-0.0637,0.0246,25.2,1,,
2013,5,00-0026035,Daniel Amendola,WR,9.5,-8.21,-0.3,-0.0911,-0.0034,25.2,0,,
2013,5,00-0022922,Kellen Winslow,TE,7.6,-9.08,-0.8,-0.1006,-0.009,25.2,0,,
2013,5,00-0030061,Zachary Ertz,TE,6.8,-9.88,-1.6,-0.1093,-0.0179,25.2,0,,
2013,5,00-0029269,Travis Benjamin,WR,6.0,-11.71,-3.8,-0.1288,-0.0425,25.2,0,,
2013,5,00-0021429,Carson Palmer,QB,4.7,-14.22,-4.28,-0.1552,-0.0478,25.2,0,,
2013,5,00-0030544,Gavin Escobar,TE,4.0,-12.68,-4.4,-0.1391,-0.0492,25.2,0,,
2013,5,00-0028958,Cory Harkey,TE,3.2,-13.48,-5.2,-0.1475,-0.058,25.2,0,,
2013,5,00-0028114,Dwayne Harris,WR,2.3,-15.41,-7.5,-0.1673,-0.0834,25.2,0,,
2013,5,00-0026281,Gary Barnidge,TE,1.7,-14.98,-6.7,-0.163,-0.0746,25.2,0,,
2013,5,00-0028049,Edmond Gates,WR,1.3,-16.41,-8.5,-0.1775,-0.0943,25.2,0,,
2013,5,00-0030248,Cierre Wood,RB,0.5,-16.16,-9.4,-0.175,-0.1041,25.2,0,,
2013,5,00-0029552,Jeremy Ebert,WR,0.0,-17.71,-9.8,-0.1905,-0.1084,25.2,0,,
2013,5,00-0030216,Joshua Hill,TE,0.0,-16.68,-8.4,-0.1802,-0.0932,25.2,0,,
2013,5,00-0027356,Marlon Moore,WR,0.0,-17.71,-9.8,-0.1905,-0.1084,25.2,0,,
2013,5,00-0027445,Jeron Mastrud,TE,0.0,-16.68,-8.4,-0.1802,-0.0932,25.2,0,,
2013,5,00-0027753,Andrew Quarless,TE,0.0,-16.68,-8.4,-0.1802,-0.0932,25.2,0,,
2013,5,00-0029654,Alfred Jenkins,WR,0.0,-17.71,-9.8,-0.1905,-0.1084,25.2,0,,
2013,5,00-0030586,Ryan Nassib,QB,0.0,-18.92,-8.98,-0.2024,-0.0995,25.2,0,,
2013,5,00-0025425,Zachary Miller,TE,0.0,-16.68,-8.4,-0.1802,-0.0932,25.2,0,,
2013,5,00-0029590,Taylor Thompson,TE,0.0,-16.68,-8.4,-0.1802,-0.0932,25.2,0,,
2013,5,00-0030107,Theodore Riddick,RB,0.0,-16.66,-9.9,-0.18,-0.1095,25.2,0,,
2013,5,00-0028453,Patrick Devlin,QB,0.0,-18.92,-8.98,-0.2024,-0.0995,25.2,0,,
2013,5,00-0024535,Eric Weems,WR,0.0,-17.71,-9.8,-0.1905,-0.1084,25.2,0,,
2013,5,00-0028293,Michael Campbell,WR,0.0,-17.71,-9.8,-0.1905,-0.1084,25.2,0,,
2013,5,00-0029638,Michael Floyd,WR,11.1,-6.61,1.3,-0.0736,0.0146,25.2,1,,
2013,5,00-0026143,Matthew Ryan,QB,18.76,-0.16,9.78,-0.0018,0.1082,25.2,1,,
2013,5,00-0024813,Charles Thomas,RB,29.1,12.44,19.2,0.1365,0.2051,25.2,1,,
2013,5,00-0026195,Raymell Rice,RB,26.2,9.54,16.3,0.1056,0.1764,25.2,1,,
2013,5,00-0026498,John Stafford,QB,13.38,-5.54,4.4,-0.0618,0.0492,25.2,1,,
2013,5,00-0027985,Lance Kendricks,TE,15.7,-0.98,7.3,-0.011,0.0812,25.2,1,,
2013,5,00-0027902,Desmond Bryant,WR,30.1,12.39,20.3,0.136,0.2156,25.2,1,,
2013,5,00-0026176,Jordy Nelson,WR,13.2,-4.51,3.4,-0.0504,0.038,25.2,1,,
2013,5,00-0026937,Brandon Gibson,WR,11.4,-6.31,1.6,-0.0703,0.0179,25.2,1,,
2013,5,00-0027218,Joique Bell,RB,9.1,-7.56,-0.8,-0.0841,-0.009,25.2,0,,
2013,5,00-0025410,Dwayne Bowe,WR,7.5,-10.21,-2.3,-0.1128,-0.0257,25.2,0,,
2013,5,00-0029293,Marvin Jones,WR,6.7,-11.01,-3.1,-0.1214,-0.0347,25.2,0,,
2013,5,00-0030540,Aaron Dobson,WR,5.9,-11.81,-3.9,-0.1299,-0.0436,25.2,0,,
2013,5,00-0029209,Ryan Broyles,WR,4.7,-13.01,-5.1,-0.1425,-0.0569,25.2,0,,
2013,5,00-0026780,Kevin Ogletree,WR,4.0,-13.71,-5.8,-0.1498,-0.0647,25.2,0,,
2013,5,00-0029388,Deonte Thompson,WR,3.1,-14.61,-6.7,-0.1591,-0.0746,25.2,0,,
2013,5,00-0026262,Tashard Choice,RB,2.2,-14.46,-7.7,-0.1576,-0.0856,25.2,0,,
2013,5,00-0027732,Michael Hoomanawanui,TE,1.7,-14.98,-6.7,-0.163,-0.0746,25.2,0,,
2013,5,00-0029795,Benjamin Cunningham,RB,1.3,-15.36,-8.6,-0.1669,-0.0954,25.2,0,,
2013,5,00-0029438,Christopher Polk,RB,0.3,-16.36,-9.6,-0.177,-0.1062,25.2,0,,
2013,5,00-0020679,Shaun Hill,QB,0.0,-18.92,-8.98,-0.2024,-0.0995,25.2,0,,
2013,5,00-0024243,Marcedes Lewis,TE,0.0,-16.68,-8.4,-0.1802,-0.0932,25.2,0,,
2013,5,00-0026932,Cedric Peerman,RB,0.0,-16.66,-9.9,-0.18,-0.1095,25.2,0,,
2013,5,00-0029793,Brandon Williams,TE,0.0,-16.68,-8.4,-0.1802,-0.0932,25.2,0,,
2013,5,00-0030300,Jaron Brown,WR,0.0,-17.71,-9.8,-0.1905,-0.1084,25.2,0,,
2013,5,00-0026544,William Daniel,QB,0.0,-18.92,-8.98,-0.2024,-0.0995,25.2,0,,
2013,5,00-0028903,Garrett Celek,TE,0.0,-16.68,-8.4,-0.1802,-0.0932,25.2,0,,
2013,5,00-0024296,Charlie Whitehurst,QB,0.0,-18.92,-8.98,-0.2024,-0.0995,25.2,0,,
2013,5,00-0026699,Kevin Brock,TE,0.0,-16.68,-8.4,-0.1802,-0.0932,25.2,0,,
2013,5,00-0027966,Mark Ingram,RB,0.0,-16.66,-9.9,-0.18,-0.1095,25.2,0,,
2013,5,00-0030292,Brad Sorensen,QB,0.0,-18.92,-8.98,-0.2024,-0.0995,25.2,0,,
2013,5,00-0028007,Robert Housler,TE,0.0,-16.68,-8.4,-0.1802,-0.0932,25.2,0,,
2013,5,00-0026144,Darren McFadden,RB,0.0,-16.66,-9.9,-0.18,-0.1095,25.2,0,,
2013,5,00-0029391,Sean McGrath,TE,11.4,-5.28,3.0,-0.0589,0.0336,25.2,1,,
2013,5,00-0021678,Antonio Romo,QB,40.94,22.02,31.96,0.2318,0.3152,25.2,1,,
2013,5,00-0030287,Andre Ellington,RB,12.3,-4.36,2.4,-0.0487,0.0269,25.2,1,,
2013,5,00-0025399,Marshawn Lynch,RB,11.7,-4.96,1.8,-0.0554,0.0202,25.2,1,,
2013,5,00-0023459,Aaron Rodgers,QB,14.76,-4.16,5.78,-0.0465,0.0645,25.2,1,,
2013,5,00-0024313,Owen Daniels,TE,15.0,-1.68,6.6,-0.0188,0.0735,25.2,1,,
2013,5,00-0029000,Cole Beasley,WR,14.7,-3.01,4.9,-0.0337,0.0547,25.2,1,,
2013,5,00-0028020,Vincent Brown,WR,18.7,0.99,8.9,0.0111,0.0987,25.2,1,,
2013,5,00-0030279,Keenan Allen,WR,23.5,5.79,13.7,0.0646,0.1497,25.2,1,,
2013,5,00-0027973,Andrew Dalton,QB,8.98,-9.94,0.0,-0.1099,0.0,25.2,0,,
2013,5,00-0023462,Sharod White,WR,7.5,-10.21,-2.3,-0.1128,-0.0257,25.2,0,,
2013,5,00-0030526,Erik Manuel,QB,6.56,-12.36,-2.42,-0.1357,-0.0271,25.2,0,,
2013,5,00-0027948,Blaine Gabbert,QB,5.84,-13.08,-3.14,-0.1433,-0.0351,25.2,0,,
2013,5,00-0029264,Bernard Pierce,RB,4.6,-12.06,-5.3,-0.1326,-0.0591,25.2,0,,
2013,5,00-0027890,Benjamin Tate,RB,4.0,-12.66,-5.9,-0.1389,-0.0658,25.2,0,,
2013,5,00-0027325,LeGarrette Blount,RB,3.1,-13.56,-6.8,-0.1483,-0.0757,25.2,0,,
2013,5,00-0028792,Kevin Cone,WR,2.2,-15.51,-7.6,-0.1684,-0.0845,25.2,0,,
2013,5,00-0029311,Kenneth Hemingway,WR,1.6,-16.11,-8.2,-0.1745,-0.091,25.2,0,,
2013,5,00-0029384,Bobby Rainey,RB,1.3,-15.36,-8.6,-0.1669,-0.0954,25.2,0,,
2013,5,00-0030280,Knile Davis,RB,0.2,-16.46,-9.7,-0.178,-0.1073,25.2,0,,
2013,5,00-0028142,Virgil Green,TE,0.0,-16.68,-8.4,-0.1802,-0.0932,25.2,0,,
2013,5,00-0027089,Louis Murphy,WR,0.0,-17.71,-9.8,-0.1905,-0.1084,25.2,0,,
2013,5,00-0026225,Craig Stevens,TE,0.0,-16.68,-8.4,-0.1802,-0.0932,25.2,0,,
2013,5,00-0030422,Dion Sims,TE,0.0,-16.68,-8.4,-0.1802,-0.0932,25.2,0,,
2013,5,00-0030049,Christopher Gragg,TE,0.0,-16.68,-8.4,-0.1802,-0.0932,25.2,0,,
2013,5,00-0028651,Michael McNeill,TE,0.0,-16.68,-8.4,-0.1802,-0.0932,25.2,0,,
2013,5,00-0030282,Stepfan Taylor,RB,0.0,-16.66,-9.9,-0.18,-0.1095,25.2,0,,
2013,5,00-0029275,Ladarius Green,TE,0.0,-16.68,-8.4,-0.1802,-0.0932,25.2,0,,
2013,5,00-0029298,Cyrus Gray,RB,0.0,-16.66,-9.9,-0.18,-0.1095,25.2,0,,
2013,5,00-0027964,Jonathan Baldwin,WR,0.0,-17.71,-9.8,-0.1905,-0.1084,25.2,0,,
2013,5,00-0025414,Robert Meachem,WR,0.0,-17.71,-9.8,-0.1905,-0.1084,25.2,0,,
2013,5,00-0027134,Curtis Painter,QB,0.0,-18.92,-8.98,-0.2024,-0.0995,25.2,0,,
2013,5,00-0029205,Travaris Cadet,RB,0.0,-16.66,-9.9,-0.18,-0.1095,25.2,0,,
2013,5,00-0025516,William Chandler,TE,10.9,-5.78,2.5,-0.0645,0.028,25.2,1,,
2013,5,00-0030565,Eugene Smith,QB,22.06,3.14,13.08,0.0351,0.1433,25.2,1,,
2013,5,00-0029239,Brandon Bolden,RB,12.4,-4.26,2.5,-0.0476,0.028,25.2,1,,
2013,5,00-0026019,Danny Woodhead,RB,20.5,3.84,10.6,0.0429,0.117,25.2,1,,
2013,5,00-0027077,Brian Hartline,WR,10.0,-7.71,0.2,-0.0857,0.0022,25.2,1,,
2013,5,00-0022127,Christopher Witten,TE,28.6,11.92,20.2,0.131,0.2147,25.2,1,,
2013,5,00-0024334,Brandon Marshall,WR,13.0,-4.71,3.2,-0.0526,0.0358,25.2,1,,
2013,5,00-0029262,Rueben Randle,WR,27.6,9.89,17.8,0.1094,0.1914,25.2,1,,
2013,5,00-0025396,Theodore Ginn,WR,11.8,-5.91,2.0,-0.0659,0.0224,25.2,1,,
2013,5,00-0024242,DeAngelo Williams,RB,8.9,-7.76,-1.0,-0.0863,-0.0112,25.2,0,,
2013,5,00-0022921,Larry Fitzgerald,WR,7.3,-10.41,-2.5,-0.1149,-0.028,25.2,0,,
2013,5,00-0027135,Brandon Myers,TE,6.5,-10.18,-1.9,-0.1125,-0.0213,25.2,0,,
2013,5,00-0030089,Luke Willson,TE,5.8,-10.88,-2.6,-0.12,-0.0291,25.2,0,,
2013,5,00-0030000,Kenbrell Thompkins,WR,4.6,-13.11,-5.2,-0.1436,-0.058,25.2,0,,
2013,5,00-0026364,Steven Johnson,WR,3.9,-13.81,-5.9,-0.1509,-0.0658,25.2,0,,
2013,5,00-0029260,LaMichael James,RB,3.1,-13.56,-6.8,-0.1483,-0.0757,25.2,0,,
2013,5,00-0028581,Patrick DiMarco,RB,2.2,-14.46,-7.7,-0.1576,-0.0856,25.2,0,,
2013,5,00-0028345,Robert Hughes,RB,1.6,-15.06,-8.3,-0.1638,-0.0921,25.2,0,,
2013,5,00-0030024,Jeffrey Tuel,QB,1.2,-17.72,-7.78,-0.1906,-0.0865,25.2,0,,
2013,5,00-0026373,Justin Forsett,RB,0.2,-16.46,-9.7,-0.178,-0.1073,25.2,0,,
2013,5,00-0021999,Nathaniel Burleson,WR,0.0,-17.71,-9.8,-0.1905,-0.1084,25.2,0,,
2013,5,00-0029051,Jarrett Boykin,WR,0.0,-17.71,-9.8,-0.1905,-0.1084,25.2,0,,
2013,5,00-0028994,Dominique Jones,TE,0.0,-16.68,-8.4,-0.1802,-0.0932,25.2,0,,
2013,5,00-0028706,Armond Smith,RB,0.0,-16.66,-9.9,-0.18,-0.1095,25.2,0,,
2013,5,00-0027583,Richard Brockel,TE,0.0,-16.68,-8.4,-0.1802,-0.0932,25.2,0,,
2013,5,00-0024272,Devin Hester,WR,0.0,-17.71,-9.8,-0.1905,-0.1084,25.2,0,,
2013,5,00-0029682,Brock Osweiler,QB,0.0,-18.92,-8.98,-0.2024,-0.0995,25.2,0,,
2013,5,00-0027109,James Casey,TE,0.0,-16.68,-8.4,-0.1802,-0.0932,25.2,0,,
2013,5,00-0026008,Matthew Mulligan,TE,0.0,-16.68,-8.4,-0.1802,-0.0932,25.2,0,,
2013,5,00-0030470,Vance McDonald,TE,0.0,-16.68,-8.4,-0.1802,-0.0932,25.2,0,,
2013,5,00-0030320,Michael Hill,RB,0.0,-16.66,-9.9,-0.18,-0.1095,25.2,0,,
2013,5,00-0021206,Joshua McCown,QB,0.0,-18.92,-8.98,-0.2024,-0.0995,25.2,0,,
2013,5,00-0027651,Dexter McCluster,WR,0.0,-17.71,-9.8,-0.1905,-0.1084,25.2,0,,
2013,5,00-0026231,Jermichael Finley,TE,12.2,-4.48,3.8,-0.0501,0.0425,25.2,1,,
2013,5,00-0029668,Andrew Luck,QB,18.06,-0.86,9.08,-0.0097,0.1006,25.2,1,,
2013,5,00-0025860,BenJarvus Green-Ellis,RB,12.7,-3.96,2.8,-0.0443,0.0313,25.2,1,,
2013,5,00-0030485,Eddie Lacy,RB,10.7,-5.96,0.8,-0.0665,0.009,25.2,1,,
2013,5,00-0027974,Colin Kaepernick,QB,9.92,-9.0,0.94,-0.0998,0.0105,25.2,1,,
2013,5,00-0027321,Jeffrey Cumberland,TE,18.4,1.72,10.0,0.0192,0.1106,25.2,1,,
2013,5,00-0028086,Denarius Moore,WR,19.4,1.69,9.6,0.0189,0.1062,25.2,1,,
2013,5,00-0026173,Donnie Avery,WR,12.1,-5.61,2.3,-0.0626,0.0257,25.2,1,,
2013,5,00-0029707,Justin Blackmon,WR,24.6,6.89,14.8,0.0767,0.1611,25.2,1,,
2013,5,00-0023436,Alexander Smith,QB,8.8,-10.12,-0.18,-0.1119,-0.002,25.2,0,,
2013,5,00-0027772,Anthony Dixon,RB,7.2,-9.46,-2.7,-0.1048,-0.0302,25.2,0,,
2013,5,00-0029640,Brian Quick,WR,6.5,-11.21,-3.3,-0.1235,-0.0369,25.2,0,,
2013,5,00-0028064,Bilal Powell,RB,5.7,-10.96,-4.2,-0.1209,-0.0469,25.2,0,,
2013,5,00-0029667,Nicholas Toon,WR,4.5,-13.21,-5.3,-0.1446,-0.0591,25.2,0,,
2013,5,00-0028237,Christopher Hogan,WR,3.6,-14.11,-6.2,-0.154,-0.0691,25.2,0,,
2013,5,00-0030516,Brice Butler,WR,3.0,-14.71,-6.8,-0.1602,-0.0757,25.2,0,,
2013,5,00-0026625,Brian Hoyer,QB,2.1,-16.82,-6.88,-0.1816,-0.0766,25.2,0,,
2013,5,00-0028121,Jordan Todman,RB,1.6,-15.06,-8.3,-0.1638,-0.0921,25.2,0,,
2013,5,00-0025487,Michael Bush,RB,1.2,-15.46,-8.7,-0.1679,-0.0965,25.2,0,,
2013,5,00-0030522,Montee Ball,RB,0.1,-16.56,-9.8,-0.179,-0.1084,25.2,0,,
2013,5,00-0030521,Justin Hunter,WR,0.0,-17.71,-9.8,-0.1905,-0.1084,25.2,0,,
2013,5,00-0021570,Kassim Osgood,WR,0.0,-17.71,-9.8,-0.1905,-0.1084,25.2,0,,
2013,5,00-0028863,Dominique Davis,QB,0.0,-18.92,-8.98,-0.2024,-0.0995,25.2,0,,
2013,5,00-0030419,Matthew McGloin,QB,0.0,-18.92,-8.98,-0.2024,-0.0995,25.2,0,,
2013,5,00-0029234,Kellen Moore,QB,0.0,-18.92,-8.98,-0.2024,-0.0995,25.2,0,,
2013,5,00-0024345,Domenik Hixon,WR,0.0,-17.71,-9.8,-0.1905,-0.1084,25.2,0,,
2013,5,00-0022165,Dallas Clark,TE,0.0,-16.68,-8.4,-0.1802,-0.0932,25.2,0,,
2013,5,00-0029694,Michael Egnew,TE,0.0,-16.68,-8.4,-0.1802,-0.0932,25.2,0,,
2013,5,00-0025951,Darius Reynaud,RB,0.0,-16.66,-9.9,-0.18,-0.1095,25.2,0,,
2013,5,00-0030068,Marquise Goodwin,WR,0.0,-17.71,-9.8,-0.1905,-0.1084,25.2,0,,
2013,5,00-0028838,Larry Donnell,TE,0.0,-16.68,-8.4,-0.1802,-0.0932,25.2,0,,
2013,5,00-0030474,Joshua Boyce,WR,0.0,-17.71,-9.8,-0.1905,-0.1084,25.2,0,,
2013,5,00-0026237,Andre Caldwell,WR,0.0,-17.71,-9.8,-0.1905,-0.1084,25.2,0,,
2013,5,00-0026201,Martellus Bennett,TE,13.1,-3.58,4.7,-0.0401,0.0525,25.2,1,,
2013,5,00-0029701,Ryan Tannehill,QB,16.88,-2.04,7.9,-0.0229,0.0878,25.2,1,,
2013,5,00-0024204,Fredrick Jackson,RB,25.3,8.64,15.4,0.0958,0.1673,25.2,1,,
2013,5,00-0023500,Franklin Gore,RB,14.1,-2.56,4.2,-0.0287,0.0469,25.2,1,,
2013,5,00-0024389,Hubert Walker,TE,10.3,-6.38,1.9,-0.0711,0.0213,25.2,1,,
2013,5,00-0024221,Vernon Davis,TE,19.3,2.62,10.9,0.0293,0.1202,25.2,1,,
2013,5,00-0029137,Alshon Jeffery,WR,37.8,20.09,28.0,0.2137,0.2841,25.2,1,,
2013,5,00-0027690,Eric Decker,WR,17.7,-0.01,7.9,-0.0001,0.0878,25.2,1,,
2013,5,00-0029664,Joshua Gordon,WR,18.6,0.89,8.8,0.01,0.0976,25.2,1,,
2013,5,00-0028061,Tandon Doss,WR,8.8,-8.91,-1.0,-0.0987,-0.0112,25.2,0,,
2013,5,00-0025701,Ewart Battle,RB,7.2,-9.46,-2.7,-0.1048,-0.0302,25.2,0,,
2013,5,00-0027725,Clayton Harbor,TE,6.4,-10.28,-2.0,-0.1136,-0.0224,25.2,0,,
2013,5,00-0026182,William Royal,WR,5.6,-12.11,-4.2,-0.133,-0.0469,25.2,0,,
2013,5,00-0029697,Jacoby Fleener,TE,4.5,-12.18,-3.9,-0.1338,-0.0436,25.2,0,,
2013,5,00-0029227,Patrick Edwards,WR,3.6,-14.11,-6.2,-0.154,-0.0691,25.2,0,,
2013,5,00-0028053,Kendall Hunter,RB,2.9,-13.76,-7.0,-0.1504,-0.0779,25.2,0,,
2013,5,00-0030514,Mychal Rivera,TE,2.0,-14.68,-6.4,-0.1599,-0.0713,25.2,0,,
2013,5,00-0026577,Marcus Thigpen,WR,1.5,-16.21,-8.3,-0.1755,-0.0921,25.2,0,,
2013,5,00-0029441,Jeremy Stewart,RB,1.1,-15.56,-8.8,-0.1689,-0.0976,25.2,0,,
2013,5,00-0030533,Matthew Barkley,QB,0.0,-18.92,-8.98,-0.2024,-0.0995,25.2,0,,
2013,5,00-0026899,Shonn Greene,RB,0.0,-16.66,-9.9,-0.18,-0.1095,25.2,0,,
2013,5,00-0029435,Damaris Johnson,WR,0.0,-17.71,-9.8,-0.1905,-0.1084,25.2,0,,
2013,5,00-0029151,Matthew Simms,QB,0.0,-18.92,-8.98,-0.2024,-0.0995,25.2,0,,
2013,5,00-0023630,Joel Dreessen,TE,0.0,-16.68,-8.4,-0.1802,-0.0932,25.2,0,,
2013,5,00-0026266,Lavelle Hawkins,WR,0.0,-17.71,-9.8,-0.1905,-0.1084,25.2,0,,
2013,5,00-0028097,Joseph Smith,TE,0.0,-16.68,-8.4,-0.1802,-0.0932,25.2,0,,
2013,5,00-0029999,Zachary Sudfeld,TE,0.0,-16.68,-8.4,-0.1802,-0.0932,25.2,0,,
2013,5,00-0028267,Allen Reisner,TE,0.0,-16.68,-8.4,-0.1802,-0.0932,25.2,0,,
2013,5,00-0028795,Chase Reynolds,RB,0.0,-16.66,-9.9,-0.18,-0.1095,25.2,0,,
2013,5,00-0027758,Riley Cooper,WR,0.0,-17.71,-9.8,-0.1905,-0.1084,25.2,0,,
2013,5,00-0030550,Tracy Sanders,WR,0.0,-17.71,-9.8,-0.1905,-0.1084,25.2,0,,
2013,5,00-0027692,Armanti Edwards,WR,0.0,-17.71,-9.8,-0.1905,-0.1084,25.2,0,,
2013,5,00-0028238,Konrad Reuland,TE,0.0,-16.68,-8.4,-0.1802,-0.0932,25.2,0,,
2013,5,00-0027825,James Dray,TE,10.3,-6.38,1.9,-0.0711,0.0213,25.2,1,,
2013,5,00-0024226,Jay Cutler,QB,22.02,3.1,13.04,0.0347,0.1429,25.2,1,,
2013,5,00-0028083,Jacquizz Rodgers,RB,21.8,5.14,11.9,0.0573,0.1308,25.2,1,,
2013,5,00-0027029,LeSean McCoy,RB,21.2,4.54,11.3,0.0507,0.1245,25.2,1,,
2013,5,00-0029677,Brandon Weeden,QB,10.88,-8.04,1.9,-0.0893,0.0213,25.2,1,,
2013,5,00-0027696,Jimmy Graham,TE,28.5,11.82,20.1,0.13,0.2137,25.2,1,,
2013,5,00-0027944,Quintorres Jones,WR,17.9,0.19,8.1,0.0021,0.0899,25.2,1,,
2013,5,00-0022427,Wesley Welker,WR,15.9,-1.81,6.1,-0.0202,0.068,25.2,1,,
2013,5,00-0027891,Golden Tate,WR,17.1,-0.61,7.3,-0.0068,0.0812,25.2,1,,
2013,5,00-0027681,Brandon LaFell,WR,8.7,-9.01,-1.1,-0.0998,-0.0123,25.2,0,,
2013,5,00-0023564,Darren Sproles,RB,7.1,-9.56,-2.8,-0.1058,-0.0313,25.2,0,,
2013,5,00-0024324,Jason Avant,WR,6.3,-11.41,-3.5,-0.1256,-0.0391,25.2,0,,
2013,5,00-0029675,Trenton Richardson,RB,5.6,-11.06,-4.3,-0.1219,-0.048,25.2,0,,
2013,5,00-0026000,Davone Bess,WR,4.5,-13.21,-5.3,-0.1446,-0.0591,25.2,0,,
2013,5,00-0029614,Christopher Givens,WR,3.6,-14.11,-6.2,-0.154,-0.0691,25.2,0,,
2013,5,00-0027322,David Nelson,WR,2.9,-14.81,-6.9,-0.1612,-0.0768,25.2,0,,
2013,5,00-0027188,Chandler Hall,WR,1.9,-15.81,-7.9,-0.1714,-0.0878,25.2,0,,
2013,5,00-0030465,Kenjon Barner,RB,1.5,-15.16,-8.4,-0.1648,-0.0932,25.2,0,,
2013,5,00-0022787,Matthew Schaub,QB,0.92,-18.0,-8.06,-0.1934,-0.0895,25.2,0,,
2013,5,00-0028079,David Williams,TE,0.0,-16.68,-8.4,-0.1802,-0.0932,25.2,0,,
2013,5,00-0023679,William Bajema,TE,0.0,-16.68,-8.4,-0.1802,-0.0932,25.2,0,,
2013,5,00-0022864,Luke McCown,QB,0.0,-18.92,-8.98,-0.2024,-0.0995,25.2,0,,
2013,5,00-0023310,Lance Moore,WR,0.0,-17.71,-9.8,-0.1905,-0.1084,25.2,0,,
2013,5,00-0029004,Lance Dunbar,RB,0.0,-16.66,-9.9,-0.18,-0.1095,25.2,0,,
2013,5,00-0029414,Orson Charles,TE,0.0,-16.68,-8.4,-0.1802,-0.0932,25.2,0,,
2013,5,00-0027606,Trindon Holliday,WR,0.0,-17.71,-9.8,-0.1905,-0.1084,25.2,0,,
2013,5,00-0029626,Isaiah Pead,RB,0.0,-16.66,-9.9,-0.18,-0.1095,25.2,0,,
2013,5,00-0025542,Dante Rosario,TE,0.0,-16.68,-8.4,-0.1802,-0.0932,25.2,0,,
2013,5,00-0028105,Ryan Whalen,WR,0.0,-17.71,-9.8,-0.1905,-0.1084,25.2,0,,
2013,5,00-0024240,Santonio Holmes,WR,0.0,-17.71,-9.8,-0.1905,-0.1084,25.2,0,,
2013,5,00-0027581,Oluseyi Ajirotutu,WR,0.0,-17.71,-9.8,-0.1905,-0.1084,25.2,0,,
2013,5,00-0025708,Matthew Moore,QB,0.0,-18.92,-8.98,-0.2024,-0.0995,25.2,0,,
2013,5,00-0026267,Jacob Tamme,TE,0.0,-16.68,-8.4,-0.1802,-0.0932,25.2,0,,
2013,5,00-0027874,Demaryius Thomas,WR,10.7,-7.01,0.9,-0.078,0.0101,25.2,1,,
2013,5,00-0010346,Peyton Manning,QB,35.76,16.84,26.78,0.1818,0.2739,25.2,1,,
2013,5,00-0026988,Knowshon Moreno,RB,25.0,8.34,15.1,0.0925,0.1642,25.2,1,,
2013,5,00-0026184,Matthew Forte,RB,15.5,-1.16,5.6,-0.013,0.0625,25.2,1,,
2013,5,00-0029567,Nicholas Foles,QB,15.98,-2.94,7.0,-0.0329,0.0779,25.2,1,,
2013,5,00-0025418,Greg Olsen,TE,15.4,-1.28,7.0,-0.0144,0.0779,25.2,1,,
2013,5,00-0027996,James Smith,WR,18.1,0.39,8.3,0.0044,0.0921,25.2,1,,
2013,5,00-0028434,Douglas Baldwin,WR,13.0,-4.71,3.2,-0.0526,0.0358,25.2,1,,
2013,5,00-0026189,DeSean Jackson,WR,26.2,8.49,16.4,0.0942,0.1774,25.2,1,,
2013,5,00-0027873,Jermaine Gresham,TE,8.4,-8.28,0.0,-0.0919,0.0,25.2,0,,
2013,5,00-0028040,Jordan Cameron,TE,7.1,-9.58,-1.3,-0.106,-0.0146,25.2,0,,
2013,5,00-0030525,Tavon Austin,WR,6.2,-11.51,-3.6,-0.1267,-0.0403,25.2,0,,
2013,5,00-0027080,Michael Goodson,RB,5.1,-11.56,-4.8,-0.1273,-0.0536,25.2,0,,
2013,5,00-0030564,DeAndre Hopkins,WR,4.3,-13.41,-5.5,-0.1467,-0.0614,25.2,0,,
2013,5,00-0029492,Jamize Olawale,RB,3.5,-13.16,-6.4,-0.1441,-0.0713,25.2,0,,
2013,5,00-0027531,Christopher Ivory,RB,2.7,-13.96,-7.2,-0.1525,-0.0801,25.2,0,,
2013,5,00-0027006,Kenneth Britt,WR,1.9,-15.81,-7.9,-0.1714,-0.0878,25.2,0,,
2013,5,00-0029673,DeVier Posey,WR,1.5,-16.21,-8.3,-0.1755,-0.0921,25.2,0,,
2013,5,00-0030348,Khiry Robinson,RB,0.9,-15.76,-9.0,-0.1709,-0.0997,25.2,0,,
2013,5,00-0029883,Joseph Fauria,TE,0.0,-16.68,-8.4,-0.1802,-0.0932,25.2,0,,
2013,5,00-0028034,Alexander Green,RB,0.0,-16.66,-9.9,-0.18,-0.1095,25.2,0,,
2013,5,00-0030108,Ryan Griffin,TE,0.0,-16.68,-8.4,-0.1802,-0.0932,25.2,0,,
2013,5,00-0027708,Marcus Easley,WR,0.0,-17.71,-9.8,-0.1905,-0.1084,25.2,0,,
2013,5,00-0028543,Jeffrey Maehl,WR,0.0,-17.71,-9.8,-0.1905,-0.1084,25.2,0,,
2013,5,00-0024332,Leon Washington,RB,0.0,-16.66,-9.9,-0.18,-0.1095,25.2,0,,
2013,5,00-0026300,Joshua Johnson,QB,0.0,-18.92,-8.98,-0.2024,-0.0995,25.2,0,,
2013,5,00-0028011,Stevan Ridley,RB,0.0,-16.66,-9.9,-0.18,-0.1095,25.2,0,,
2013,5,00-0029580,Rishard Matthews,WR,0.0,-17.71,-9.8,-0.1905,-0.1084,25.2,0,,
2013,5,00-0022943,Benjamin Watson,TE,0.0,-16.68,-8.4,-0.1802,-0.0932,25.2,0,,
2013,5,00-0029281,Adrien Robinson,TE,0.0,-16.68,-8.4,-0.1802,-0.0932,25.2,0,,
2013,5,00-0027092,Austin Collie,WR,0.0,-17.71,-9.8,-0.1905,-0.1084,25.2,0,,
2013,5,00-0024279,Tarvaris Jackson,QB,0.0,-18.92,-8.98,-0.2024,-0.0995,25.2,0,,
2013,5,00-0022847,Benjamin Hartsock,TE,0.0,-16.68,-8.4,-0.1802,-0.0932,25.2,0,,
2013,5,00-0027942,Adriel Green,WR,11.1,-6.61,1.3,-0.0736,0.0146,25.2,1,,
2013,5,00-0023682,Ryan Fitzpatrick,QB,20.88,1.96,11.9,0.0219,0.1308,25.2,1,,
2013,5,00-0027003,Donald Brown,RB,12.0,-4.66,2.1,-0.0521,0.0235,25.2,1,,
2013,5,00-0026213,Jamaal Charles,RB,23.5,6.84,13.6,0.0761,0.1487,25.2,1,,
2013,5,00-0027997,Gregory Little,WR,10.1,-7.61,0.3,-0.0846,0.0034,25.2,1,,
2013,5,00-0006101,Anthony Gonzalez,TE,24.7,8.02,16.3,0.0891,0.1764,25.2,1,,
2013,5,00-0028052,Cecil Shorts,WR,18.4,0.69,8.6,0.0077,0.0954,25.2,1,,
2013,5,00-0025465,James Jones,WR,22.7,4.99,12.9,0.0557,0.1414,25.2,1,,
2013,5,00-0020498,Reginald Wayne,WR,14.5,-3.21,4.7,-0.0359,0.0525,25.2,1,,
2013,5,00-0027675,Edward Dickson,TE,8.1,-8.58,-0.3,-0.0952,-0.0034,25.2,0,,
2013,5,00-0027061,Jared Cook,TE,7.1,-9.58,-1.3,-0.106,-0.0146,25.2,0,,
2013,5,00-0027150,Julian Edelman,WR,6.2,-11.51,-3.6,-0.1267,-0.0403,25.2,0,,
2013,5,00-0019596,Thomas Brady,QB,4.88,-14.04,-4.1,-0.1533,-0.0458,25.2,0,,
2013,5,00-0022084,Anquan Boldin,WR,4.1,-13.61,-5.7,-0.1488,-0.0636,25.2,0,,
2013,5,00-0027709,Jacoby Ford,WR,3.5,-14.21,-6.3,-0.155,-0.0702,25.2,0,,
2013,5,00-0029429,Bryce Brown,RB,2.7,-13.96,-7.2,-0.1525,-0.0801,25.2,0,,
2013,5,00-0029634,James Hanna,TE,1.8,-14.88,-6.6,-0.162,-0.0735,25.2,0,,
2013,5,00-0029615,Lamar Miller,RB,1.5,-15.16,-8.4,-0.1648,-0.0932,25.2,0,,
2013,5,00-0026855,Antone Smith,RB,0.8,-15.86,-9.1,-0.172,-0.1008,25.2,0,,
2013,5,00-0027057,Brandon Tate,WR,0.0,-17.71,-9.8,-0.1905,-0.1084,25.2,0,,
2013,5,00-0022736,Steven Jackson,RB,0.0,-16.66,-9.9,-0.18,-0.1095,25.2,0,,
2013,5,00-0030047,Marquess Wilson,WR,0.0,-17.71,-9.8,-0.1905,-0.1084,25.2,0,,
2013,5,00-0029854,Cortrelle Anderson,RB,0.0,-16.66,-9.9,-0.18,-0.1095,25.2,0,,
2013,5,00-0023541,Kyle Orton,QB,0.0,-18.92,-8.98,-0.2024,-0.0995,25.2,0,,
2013,5,00-0028613,Phillip Tanner,RB,0.0,-16.66,-9.9,-0.18,-0.1095,25.2,0,,
2013,5,00-0024268,Anthony Fasano,TE,0.0,-16.68,-8.4,-0.1802,-0.0932,25.2,0,,
2013,5,00-0028352,Dane Sanzenbacher,WR,0.0,-17.71,-9.8,-0.1905,-0.1084,25.2,0,,
2013,5,00-0027069,Chase Coffman,TE,0.0,-16.68,-8.4,-0.1802,-0.0932,25.2,0,,
2013,5,00-0030388,Joseph Randle,RB,0.0,-16.66,-9.9,-0.18,-0.1095,25.2,0,,
2013,5,00-0029494,Joseph Anderson,WR,0.0,-17.71,-9.8,-0.1905,-0.1084,25.2,0,,
2013,5,00-0023645,Derek Anderson,QB,0.0,-18.92,-8.98,-0.2024,-0.0995,25.2,0,,
2013,5,00-0026349,Matthew Flynn,QB,0.0,-18.92,-8.98,-0.2024,-0.0995,25.2,0,,
2013,5,00-0023968,Micheal Spurlock,WR,0.0,-17.71,-9.8,-0.1905,-0.1084,25.2,0,,
2013,6,00-0025394,Adrian Peterson,RB,10.3,-6.96,1.3,-0.0792,0.0149,24.6,1,,
2013,6,00-0030520,Michael Glennon,QB,17.92,-0.22,9.12,-0.0026,0.1033,24.6,1,,
2013,6,00-0024242,DeAngelo Williams,RB,16.7,-0.56,7.7,-0.0064,0.0875,24.6,1,,
2013,6,00-0024275,Maurice Jones-Drew,RB,15.4,-1.86,6.4,-0.0213,0.0729,24.6,1,,
2013,6,00-0029665,Robert Griffin,QB,12.54,-5.6,3.74,-0.0639,0.0428,24.6,1,,
2013,6,00-0023465,Earl Miller,TE,17.4,-0.06,8.2,-0.0007,0.0931,24.6,1,,
2013,6,00-0023496,Vincent Jackson,WR,32.4,16.07,23.1,0.1777,0.2464,24.6,1,,
2013,6,00-0026189,DeSean Jackson,WR,24.4,8.07,15.1,0.0916,0.1677,24.6,1,,
2013,6,00-0029664,Joshua Gordon,WR,19.6,3.27,10.3,0.0374,0.1163,24.6,1,,
2013,6,00-0029608,Eugene Hilton,WR,9.3,-7.03,0.0,-0.08,0.0,24.6,1,,
2013,6,00-0025860,BenJarvus Green-Ellis,RB,8.6,-8.66,-0.4,-0.0982,-0.0046,24.6,0,,
2013,6,00-0027985,Lance Kendricks,TE,7.7,-9.76,-1.5,-0.1104,-0.0172,24.6,0,,
2013,6,00-0029675,Trenton Richardson,RB,6.3,-10.96,-2.7,-0.1235,-0.0309,24.6,0,,
2013,6,00-0028017,Leonard Hankerson,WR,5.6,-10.73,-3.7,-0.121,-0.0423,24.6,0,,
2013,6,00-0025418,Greg Olsen,TE,4.9,-12.56,-4.3,-0.1408,-0.0491,24.6,0,,
2013,6,00-0026178,John Carlson,TE,4.2,-13.26,-5.0,-0.1483,-0.0571,24.6,0,,
2013,6,00-0025431,Sidney Rice,WR,3.5,-12.83,-5.8,-0.1437,-0.0661,24.6,0,,
2013,6,00-0027445,Jeron Mastrud,TE,2.8,-14.66,-6.4,-0.1631,-0.0729,24.6,0,,
2013,6,00-0030470,Vance McDonald,TE,2.2,-15.26,-7.0,-0.1694,-0.0797,24.6,0,,
2013,6,00-0030521,Justin Hunter,WR,1.8,-14.53,-7.5,-0.1618,-0.0853,24.6,0,,
2013,6,00-0026780,Kevin Ogletree,WR,1.5,-14.83,-7.8,-0.1649,-0.0886,24.6,0,,
2013,6,00-0027356,Marlon Moore,WR,0.9,-15.43,-8.4,-0.1712,-0.0953,24.6,0,,
2013,6,00-0029391,Sean McGrath,TE,0.0,-17.46,-9.2,-0.192,-0.1042,24.6,0,,
2013,6,00-0021570,Kassim Osgood,WR,0.0,-16.33,-9.3,-0.1805,-0.1053,24.6,0,,
2013,6,00-0030049,Christopher Gragg,TE,0.0,-17.46,-9.2,-0.192,-0.1042,24.6,0,,
2013,6,00-0030128,Michael Cox,RB,0.0,-17.26,-9.0,-0.1899,-0.102,24.6,0,,
2013,6,00-0028795,Chase Reynolds,RB,0.0,-17.26,-9.0,-0.1899,-0.102,24.6,0,,
2013,6,00-0028838,Larry Donnell,TE,0.0,-17.46,-9.2,-0.192,-0.1042,24.6,0,,
2013,6,00-0026267,Jacob Tamme,TE,0.0,-17.46,-9.2,-0.192,-0.1042,24.6,0,,
2013,6,00-0028362,Michael Preston,WR,0.0,-16.33,-9.3,-0.1805,-0.1053,24.6,0,,
2013,6,00-0023310,Lance Moore,WR,0.0,-16.33,-9.3,-0.1805,-0.1053,24.6,0,,
2013,6,00-0027753,Andrew Quarless,TE,0.0,-17.46,-9.2,-0.192,-0.1042,24.6,0,,
2013,6,00-0027948,Blaine Gabbert,QB,0.0,-18.14,-8.8,-0.1988,-0.0997,24.6,0,,
2013,6,00-0030465,Kenjon Barner,RB,0.0,-17.26,-9.0,-0.1899,-0.102,24.6,0,,
2013,6,00-0025414,Robert Meachem,WR,0.0,-16.33,-9.3,-0.1805,-0.1053,24.6,0,,
2013,6,00-0028238,Konrad Reuland,TE,0.0,-17.46,-9.2,-0.192,-0.1042,24.6,0,,
2013,6,00-0027732,Michael Hoomanawanui,TE,11.7,-5.76,2.5,-0.0657,0.0286,24.6,1,,
2013,6,00-0021429,Carson Palmer,QB,15.92,-2.22,7.12,-0.0254,0.081,24.6,1,,
2013,6,00-0030287,Andre Ellington,RB,20.2,2.94,11.2,0.0336,0.1261,24.6,1,,
2013,6,00-0028009,DeMarco Murray,RB,13.0,-4.26,4.0,-0.0487,0.0457,24.6,1,,
2013,6,00-0029677,Brandon Weeden,QB,15.68,-2.46,6.88,-0.0282,0.0783,24.6,1,,
2013,6,00-0028040,Jordan Cameron,TE,13.9,-3.56,4.7,-0.0407,0.0537,24.6,1,,
2013,6,00-0022427,Wesley Welker,WR,18.3,1.97,9.0,0.0225,0.102,24.6,1,,
2013,6,00-0030279,Keenan Allen,WR,25.7,9.37,16.4,0.106,0.1811,24.6,1,,
2013,6,00-0029638,Michael Floyd,WR,15.4,-0.93,6.1,-0.0107,0.0695,24.6,1,,
2013,6,00-0028007,Robert Housler,TE,9.2,-8.26,0.0,-0.0938,0.0,24.6,0,,
2013,6,00-0027861,Clifford Spiller,RB,8.6,-8.66,-0.4,-0.0982,-0.0046,24.6,0,,
2013,6,00-0025410,Dwayne Bowe,WR,7.6,-8.73,-1.7,-0.099,-0.0195,24.6,0,,
2013,6,00-0029336,Brittan Golden,WR,6.3,-10.03,-3.0,-0.1133,-0.0343,24.6,0,,
2013,6,00-0025389,Calvin Johnson,WR,5.5,-10.83,-3.8,-0.1221,-0.0434,24.6,0,,
2013,6,00-0022178,Willis McGahee,RB,4.9,-12.36,-4.1,-0.1387,-0.0469,24.6,0,,
2013,6,00-0027893,Damian Williams,WR,4.2,-12.13,-5.1,-0.1362,-0.0582,24.6,0,,
2013,6,00-0027873,Jermaine Gresham,TE,3.5,-13.96,-5.7,-0.1558,-0.065,24.6,0,,
2013,6,00-0027888,Tobinbo Gerhart,RB,2.6,-14.66,-6.4,-0.1631,-0.0729,24.6,0,,
2013,6,00-0028841,William Johnson,RB,2.2,-15.06,-6.8,-0.1673,-0.0774,24.6,0,,
2013,6,00-0029435,Damaris Johnson,WR,1.8,-14.53,-7.5,-0.1618,-0.0853,24.6,0,,
2013,6,00-0027691,Andre Roberts,WR,1.5,-14.83,-7.8,-0.1649,-0.0886,24.6,0,,
2013,6,00-0027325,LeGarrette Blount,RB,0.9,-16.36,-8.1,-0.1808,-0.092,24.6,0,,
2013,6,00-0030533,Matthew Barkley,QB,0.0,-18.14,-8.8,-0.1988,-0.0997,24.6,0,,
2013,6,00-0028198,Matthew Asiata,RB,0.0,-17.26,-9.0,-0.1899,-0.102,24.6,0,,
2013,6,00-0029234,Kellen Moore,QB,0.0,-18.14,-8.8,-0.1988,-0.0997,24.6,0,,
2013,6,00-0030586,Ryan Nassib,QB,0.0,-18.14,-8.8,-0.1988,-0.0997,24.6,0,,
2013,6,00-0026364,Steven Johnson,WR,0.0,-16.33,-9.3,-0.1805,-0.1053,24.6,0,,
2013,6,00-0030460,Markus Wheaton,WR,0.0,-16.33,-9.3,-0.1805,-0.1053,24.6,0,,
2013,6,00-0029108,Derek Moye,WR,0.0,-16.33,-9.3,-0.1805,-0.1053,24.6,0,,
2013,6,00-0027139,John Phillips,TE,0.0,-17.46,-9.2,-0.192,-0.1042,24.6,0,,
2013,6,00-0027708,Marcus Easley,WR,0.0,-16.33,-9.3,-0.1805,-0.1053,24.6,0,,
2013,6,00-0029548,LaVon Brazill,WR,0.0,-16.33,-9.3,-0.1805,-0.1053,24.6,0,,
2013,6,00-0028115,Evan Royster,RB,0.0,-17.26,-9.0,-0.1899,-0.102,24.6,0,,
2013,6,00-0028105,Ryan Whalen,WR,0.0,-16.33,-9.3,-0.1805,-0.1053,24.6,0,,
2013,6,00-0030024,Jeffrey Tuel,QB,0.0,-18.14,-8.8,-0.1988,-0.0997,24.6,0,,
2013,6,00-0022847,Benjamin Hartsock,TE,0.0,-17.46,-9.2,-0.192,-0.1042,24.6,0,,
2013,6,00-0030536,Zachary Stacy,RB,11.0,-6.26,2.0,-0.0713,0.0229,24.6,1,,
2013,6,00-0026158,Joseph Flacco,QB,19.28,1.14,10.48,0.013,0.1183,24.6,1,,
2013,6,00-0026213,Jamaal Charles,RB,28.8,11.54,19.8,0.1298,0.2152,24.6,1,,
2013,6,00-0026144,Darren McFadden,RB,11.3,-5.96,2.3,-0.068,0.0263,24.6,1,,
2013,6,00-0023662,Matthew Cassel,QB,10.34,-7.8,1.54,-0.0886,0.0176,24.6,1,,
2013,6,00-0024221,Vernon Davis,TE,42.0,24.54,32.8,0.2595,0.3269,24.6,1,,
2013,6,00-0030085,Kenneth Stills,WR,15.4,-0.93,6.1,-0.0107,0.0695,24.6,1,,
2013,6,00-0029293,Marvin Jones,WR,19.5,3.17,10.2,0.0362,0.1152,24.6,1,,
2013,6,00-0027685,Emmanuel Sanders,WR,15.0,-1.33,5.7,-0.0153,0.065,24.6,1,,
2013,6,00-0027997,Gregory Little,WR,9.2,-7.13,-0.1,-0.0811,-0.0011,24.6,0,,
2013,6,00-0030496,Le'Veon Bell,RB,8.6,-8.66,-0.4,-0.0982,-0.0046,24.6,0,,
2013,6,00-0028995,Stephen Hill,WR,7.6,-8.73,-1.7,-0.099,-0.0195,24.6,0,,
2013,6,00-0029697,Jacoby Fleener,TE,6.1,-11.36,-3.1,-0.1279,-0.0355,24.6,0,,
2013,6,00-0027718,Garrett Graham,TE,5.5,-11.96,-3.7,-0.1344,-0.0423,24.6,0,,
2013,6,00-0030108,Ryan Griffin,TE,4.8,-12.66,-4.4,-0.1419,-0.0503,24.6,0,,
2013,6,00-0023682,Ryan Fitzpatrick,QB,4.14,-14.0,-4.66,-0.1562,-0.0532,24.6,0,,
2013,6,00-0028542,Lestar Jean,WR,3.4,-12.93,-5.9,-0.1448,-0.0673,24.6,0,,
2013,6,00-0025549,Brent Celek,TE,2.5,-14.96,-6.7,-0.1663,-0.0763,24.6,0,,
2013,6,00-0026983,Darrius Heyward-Bey,WR,2.1,-14.23,-7.2,-0.1586,-0.0819,24.6,0,,
2013,6,00-0029311,Kenneth Hemingway,WR,1.8,-14.53,-7.5,-0.1618,-0.0853,24.6,0,,
2013,6,00-0030300,Jaron Brown,WR,1.5,-14.83,-7.8,-0.1649,-0.0886,24.6,0,,
2013,6,00-0027995,Mikel Leshoure,RB,0.9,-16.36,-8.1,-0.1808,-0.092,24.6,0,,
2013,6,00-0027188,Chandler Hall,WR,0.0,-16.33,-9.3,-0.1805,-0.1053,24.6,0,,
2013,6,00-0030047,Marquess Wilson,WR,0.0,-16.33,-9.3,-0.1805,-0.1053,24.6,0,,
2013,6,00-0024332,Leon Washington,RB,0.0,-17.26,-9.0,-0.1899,-0.102,24.6,0,,
2013,6,00-0028903,Garrett Celek,TE,0.0,-17.46,-9.2,-0.192,-0.1042,24.6,0,,
2013,6,00-0030394,Zac Dysert,QB,0.0,-18.14,-8.8,-0.1988,-0.0997,24.6,0,,
2013,6,00-0027581,Oluseyi Ajirotutu,WR,0.0,-16.33,-9.3,-0.1805,-0.1053,24.6,0,,
2013,6,00-0023968,Micheal Spurlock,WR,0.0,-16.33,-9.3,-0.1805,-0.1053,24.6,0,,
2013,6,00-0030216,Joshua Hill,TE,0.0,-17.46,-9.2,-0.192,-0.1042,24.6,0,,
2013,6,00-0024408,Bruce Gradkowski,QB,0.0,-18.14,-8.8,-0.1988,-0.0997,24.6,0,,
2013,6,00-0027583,Richard Brockel,TE,0.0,-17.46,-9.2,-0.192,-0.1042,24.6,0,,
2013,6,00-0024296,Charlie Whitehurst,QB,0.0,-18.14,-8.8,-0.1988,-0.0997,24.6,0,,
2013,6,00-0029587,Rhett Ellison,TE,0.0,-17.46,-9.2,-0.192,-0.1042,24.6,0,,
2013,6,00-0029227,Patrick Edwards,WR,0.0,-16.33,-9.3,-0.1805,-0.1053,24.6,0,,
2013,6,00-0030280,Knile Davis,RB,-0.1,-17.36,-9.1,-0.1909,-0.1031,24.6,0,,
2013,6,00-0027864,Ryan Mathews,RB,10.2,-7.06,1.2,-0.0803,0.0137,24.6,1,,
2013,6,00-0029567,Nicholas Foles,QB,30.04,11.9,21.24,0.1337,0.229,24.6,1,,
2013,6,00-0027140,Christopher Ogbonnaya,RB,21.5,4.24,12.5,0.0484,0.1402,24.6,1,,
2013,6,00-0024217,Reginald Bush,RB,24.5,7.24,15.5,0.0823,0.1719,24.6,1,,
2013,6,00-0010346,Peyton Manning,QB,13.1,-5.04,4.3,-0.0576,0.0491,24.6,1,,
2013,6,00-0026201,Martellus Bennett,TE,15.8,-1.66,6.6,-0.019,0.0752,24.6,1,,
2013,6,00-0029262,Rueben Randle,WR,16.5,0.17,7.2,0.0019,0.0819,24.6,1,,
2013,6,00-0028086,Denarius Moore,WR,19.2,2.87,9.9,0.0328,0.1119,24.6,1,,
2013,6,00-0029708,Kendall Wright,WR,11.9,-4.43,2.6,-0.0506,0.0298,24.6,1,,
2013,6,00-0024813,Charles Thomas,RB,9.0,-8.26,0.0,-0.0938,0.0,24.6,0,,
2013,6,00-0029000,Cole Beasley,WR,8.4,-7.93,-0.9,-0.0901,-0.0103,24.6,0,,
2013,6,00-0029129,Rod Streater,WR,7.6,-8.73,-1.7,-0.099,-0.0195,24.6,0,,
2013,6,00-0024324,Jason Avant,WR,6.1,-10.23,-3.2,-0.1155,-0.0366,24.6,0,,
2013,6,00-0027003,Donald Brown,RB,5.4,-11.86,-3.6,-0.1333,-0.0412,24.6,0,,
2013,6,00-0029239,Brandon Bolden,RB,4.8,-12.46,-4.2,-0.1398,-0.048,24.6,0,,
2013,6,00-0026000,Davone Bess,WR,4.1,-12.23,-5.2,-0.1373,-0.0593,24.6,0,,
2013,6,00-0028352,Dane Sanzenbacher,WR,3.3,-13.03,-6.0,-0.1459,-0.0684,24.6,0,,
2013,6,00-0023367,Nathaniel Washington,WR,2.5,-13.83,-6.8,-0.1544,-0.0774,24.6,0,,
2013,6,00-0026035,Daniel Amendola,WR,2.1,-14.23,-7.2,-0.1586,-0.0819,24.6,0,,
2013,6,00-0029667,Nicholas Toon,WR,1.7,-14.63,-7.6,-0.1628,-0.0864,24.6,0,,
2013,6,00-0030522,Montee Ball,RB,1.5,-15.76,-7.5,-0.1746,-0.0853,24.6,0,,
2013,6,00-0026237,Andre Caldwell,WR,0.7,-15.63,-8.6,-0.1732,-0.0975,24.6,0,,
2013,6,00-0027755,Brandon Reed,WR,0.0,-16.33,-9.3,-0.1805,-0.1053,24.6,0,,
2013,6,00-0029601,Brandon Bostick,TE,0.0,-17.46,-9.2,-0.192,-0.1042,24.6,0,,
2013,6,00-0028263,Andre Holmes,WR,0.0,-16.33,-9.3,-0.1805,-0.1053,24.6,0,,
2013,6,00-0029682,Brock Osweiler,QB,0.0,-18.14,-8.8,-0.1988,-0.0997,24.6,0,,
2013,6,00-0030107,Theodore Riddick,RB,0.0,-17.26,-9.0,-0.1899,-0.102,24.6,0,,
2013,6,00-0030077,Christopher Harper,WR,0.0,-16.33,-9.3,-0.1805,-0.1053,24.6,0,,
2013,6,00-0030450,Quinton Patton,WR,0.0,-16.33,-9.3,-0.1805,-0.1053,24.6,0,,
2013,6,00-0024243,Marcedes Lewis,TE,0.0,-17.46,-9.2,-0.192,-0.1042,24.6,0,,
2013,6,00-0029854,Cortrelle Anderson,RB,0.0,-17.26,-9.0,-0.1899,-0.102,24.6,0,,
2013,6,00-0026266,Lavelle Hawkins,WR,0.0,-16.33,-9.3,-0.1805,-0.1053,24.6,0,,
2013,6,00-0026210,Earl Bennett,WR,0.0,-16.33,-9.3,-0.1805,-0.1053,24.6,0,,
2013,6,00-0027775,Russell Smith,QB,0.0,-18.14,-8.8,-0.1988,-0.0997,24.6,0,,
2013,6,00-0030134,Michael Ford,RB,0.0,-17.26,-9.0,-0.1899,-0.102,24.6,0,,
2013,6,00-0023645,Derek Anderson,QB,-0.1,-18.24,-8.9,-0.1998,-0.1009,24.6,0,,
2013,6,00-0023500,Franklin Gore,RB,10.1,-7.16,1.1,-0.0815,0.0126,24.6,1,,
2013,6,00-0029263,Russell Wilson,QB,16.38,-1.76,7.58,-0.0202,0.0862,24.6,1,,
2013,6,00-0028011,Stevan Ridley,RB,24.0,6.74,15.0,0.0767,0.1667,24.6,1,,
2013,6,00-0030348,Khiry Robinson,RB,11.3,-5.96,2.3,-0.068,0.0263,24.6,1,,
2013,6,00-0024267,Gregory Jennings,WR,9.4,-6.93,0.1,-0.0789,0.0011,24.6,1,,
2013,6,00-0028067,Julius Thomas,TE,14.2,-3.26,5.0,-0.0373,0.0571,24.6,1,,
2013,6,00-0026176,Jordy Nelson,WR,21.3,4.97,12.0,0.0567,0.1348,24.6,1,,
2013,6,00-0027942,Adriel Green,WR,22.3,5.97,13.0,0.068,0.1455,24.6,1,,
2013,6,00-0027005,Hakeem Nicks,WR,11.0,-5.33,1.7,-0.0608,0.0195,24.6,1,,
2013,6,00-0024389,Hubert Walker,TE,8.9,-8.56,-0.3,-0.0971,-0.0034,24.6,0,,
2013,6,00-0026164,Christopher Johnson,RB,8.4,-8.86,-0.6,-0.1004,-0.0069,24.6,0,,
2013,6,00-0022803,Elisha Manning,QB,7.56,-10.58,-1.24,-0.1194,-0.0142,24.6,0,,
2013,6,00-0028114,Dwayne Harris,WR,6.0,-10.33,-3.3,-0.1166,-0.0377,24.6,0,,
2013,6,00-0027796,Joseph Webb,QB,5.4,-12.74,-3.4,-0.1428,-0.0389,24.6,0,,
2013,6,00-0029159,Jermaine Kearse,WR,4.7,-11.63,-4.6,-0.1308,-0.0525,24.6,0,,
2013,6,00-0029275,Ladarius Green,TE,4.0,-13.46,-5.2,-0.1505,-0.0593,24.6,0,,
2013,6,00-0029612,Daryl Richardson,RB,3.3,-13.96,-5.7,-0.1558,-0.065,24.6,0,,
2013,6,00-0027608,Kyle Williams,WR,2.4,-13.93,-6.9,-0.1554,-0.0785,24.6,0,,
2013,6,00-0027322,David Nelson,WR,2.1,-14.23,-7.2,-0.1586,-0.0819,24.6,0,,
2013,6,00-0027772,Anthony Dixon,RB,1.7,-15.56,-7.3,-0.1725,-0.083,24.6,0,,
2013,6,00-0030078,Johnathan Franklin,RB,1.4,-15.86,-7.6,-0.1756,-0.0864,24.6,0,,
2013,6,00-0030391,Michael James,RB,0.7,-16.56,-8.3,-0.1828,-0.0942,24.6,0,,
2013,6,00-0030544,Gavin Escobar,TE,0.0,-17.46,-9.2,-0.192,-0.1042,24.6,0,,
2013,6,00-0029091,Bradley Sowell,TE,0.0,-17.46,-9.2,-0.192,-0.1042,24.6,0,,
2013,6,00-0030512,Nicholas Kasa,TE,0.0,-17.46,-9.2,-0.192,-0.1042,24.6,0,,
2013,6,00-0029999,Zachary Sudfeld,TE,0.0,-17.46,-9.2,-0.192,-0.1042,24.6,0,,
2013,6,00-0028121,Jordan Todman,RB,0.0,-17.26,-9.0,-0.1899,-0.102,24.6,0,,
2013,6,00-0028063,Taiwan Jones,RB,0.0,-17.26,-9.0,-0.1899,-0.102,24.6,0,,
2013,6,00-0030524,Matthew Jones,QB,0.0,-18.14,-8.8,-0.1988,-0.0997,24.6,0,,
2013,6,00-0022864,Luke McCown,QB,0.0,-18.14,-8.8,-0.1988,-0.0997,24.6,0,,
2013,6,00-0030181,John Doyle,TE,0.0,-17.46,-9.2,-0.192,-0.1042,24.6,0,,
2013,6,00-0029414,Orson Charles,TE,0.0,-17.46,-9.2,-0.192,-0.1042,24.6,0,,
2013,6,00-0027109,James Casey,TE,0.0,-17.46,-9.2,-0.192,-0.1042,24.6,0,,
2013,6,00-0027156,Tiquan Underwood,WR,0.0,-16.33,-9.3,-0.1805,-0.1053,24.6,0,,
2013,6,00-0027349,Stephen Williams,WR,0.0,-16.33,-9.3,-0.1805,-0.1053,24.6,0,,
2013,6,00-0028090,Taylor Yates,QB,-1.08,-19.22,-9.88,-0.2095,-0.1117,24.6,0,,
2013,6,00-0022943,Benjamin Watson,TE,10.6,-6.86,1.4,-0.0781,0.016,24.6,1,,
2013,6,00-0027939,Cameron Newton,QB,30.68,12.54,21.88,0.1406,0.2351,24.6,1,,
2013,6,00-0026796,Arian Foster,RB,23.8,6.54,14.8,0.0745,0.1646,24.6,1,,
2013,6,00-0028043,Roy Helu,RB,11.7,-5.56,2.7,-0.0634,0.0309,24.6,1,,
2013,6,00-0023459,Aaron Rodgers,QB,14.7,-3.44,5.9,-0.0394,0.0673,24.6,1,,
2013,6,00-0027321,Jeffrey Cumberland,TE,11.9,-5.56,2.7,-0.0635,0.0309,24.6,1,,
2013,6,00-0028825,Terrelle Pryor,WR,12.24,-4.09,2.94,-0.0468,0.0336,24.6,1,,
2013,6,00-0027758,Riley Cooper,WR,22.0,5.67,12.7,0.0646,0.1423,24.6,1,,
2013,6,00-0030068,Marquise Goodwin,WR,13.0,-3.33,3.7,-0.0381,0.0423,24.6,1,,
2013,6,00-0029155,William Brown,WR,8.9,-7.43,-0.4,-0.0845,-0.0046,24.6,0,,
2013,6,00-0027891,Golden Tate,WR,8.3,-8.03,-1.0,-0.0912,-0.0115,24.6,0,,
2013,6,00-0027061,Jared Cook,TE,7.5,-9.96,-1.7,-0.1126,-0.0195,24.6,0,,
2013,6,00-0027725,Clayton Harbor,TE,5.9,-11.56,-3.3,-0.1301,-0.0377,24.6,0,,
2013,6,00-0026262,Tashard Choice,RB,5.3,-11.96,-3.7,-0.1344,-0.0423,24.6,0,,
2013,6,00-0030089,Luke Willson,TE,4.7,-12.76,-4.5,-0.143,-0.0514,24.6,0,,
2013,6,00-0029614,Christopher Givens,WR,4.0,-12.33,-5.3,-0.1384,-0.0605,24.6,0,,
2013,6,00-0029722,Jeffery Demps,RB,3.3,-13.96,-5.7,-0.1558,-0.065,24.6,0,,
2013,6,00-0025487,Michael Bush,RB,2.4,-14.86,-6.6,-0.1652,-0.0752,24.6,0,,
2013,6,00-0024466,Marques Colston,WR,2.1,-14.23,-7.2,-0.1586,-0.0819,24.6,0,,
2013,6,00-0027006,Kenneth Britt,WR,1.7,-14.63,-7.6,-0.1628,-0.0864,24.6,0,,
2013,6,00-0025439,Brian Leonard,RB,1.3,-15.96,-7.7,-0.1766,-0.0875,24.6,0,,
2013,6,00-0030282,Stepfan Taylor,RB,0.7,-16.56,-8.3,-0.1828,-0.0942,24.6,0,,
2013,6,00-0020679,Shaun Hill,QB,0.0,-18.14,-8.8,-0.1988,-0.0997,24.6,0,,
2013,6,00-0026932,Cedric Peerman,RB,0.0,-17.26,-9.0,-0.1899,-0.102,24.6,0,,
2013,6,00-0029654,Alfred Jenkins,WR,0.0,-16.33,-9.3,-0.1805,-0.1053,24.6,0,,
2013,6,00-0025425,Zachary Miller,TE,0.0,-17.46,-9.2,-0.192,-0.1042,24.6,0,,
2013,6,00-0029281,Adrien Robinson,TE,0.0,-17.46,-9.2,-0.192,-0.1042,24.6,0,,
2013,6,00-0029175,Jacob Byrne,TE,0.0,-17.46,-9.2,-0.192,-0.1042,24.6,0,,
2013,6,00-0027135,Brandon Myers,TE,0.0,-17.46,-9.2,-0.192,-0.1042,24.6,0,,
2013,6,00-0029731,Foswhitt Whittaker,RB,0.0,-17.26,-9.0,-0.1899,-0.102,24.6,0,,
2013,6,00-0029438,Christopher Polk,RB,0.0,-17.26,-9.0,-0.1899,-0.102,24.6,0,,
2013,6,00-0026544,William Daniel,QB,0.0,-18.14,-8.8,-0.1988,-0.0997,24.6,0,,
2013,6,00-0025542,Dante Rosario,TE,0.0,-17.46,-9.2,-0.192,-0.1042,24.6,0,,
2013,6,00-0028012,Ryan Mallett,QB,0.0,-18.14,-8.8,-0.1988,-0.0997,24.6,0,,
2013,6,00-0024535,Eric Weems,WR,0.0,-16.33,-9.3,-0.1805,-0.1053,24.6,0,,
2013,6,00-0027346,Alfonso Smith,RB,-1.8,-19.06,-10.8,-0.2079,-0.1218,24.6,0,,
2013,6,00-0030388,Joseph Randle,RB,11.2,-6.06,2.2,-0.0691,0.0252,24.6,1,,
2013,6,00-0020531,Drew Brees,QB,16.54,-1.6,7.74,-0.0184,0.0879,24.6,1,,
2013,6,00-0029141,Alfred Morris,RB,14.1,-3.16,5.1,-0.0362,0.0582,24.6,1,,
2013,6,00-0026019,Danny Woodhead,RB,13.3,-3.96,4.3,-0.0453,0.0491,24.6,1,,
2013,6,00-0027974,Colin Kaepernick,QB,14.88,-3.26,6.08,-0.0373,0.0693,24.6,1,,
2013,6,00-0029910,Timothy Wright,TE,19.6,2.14,10.4,0.0245,0.1174,24.6,1,,
2013,6,00-0025460,Jacoby Jones,WR,12.2,-4.13,2.9,-0.0472,0.0332,24.6,1,,
2013,6,00-0026345,Pierre Garcon,WR,12.9,-3.43,3.6,-0.0393,0.0412,24.6,1,,
2013,6,00-0020498,Reginald Wayne,WR,13.8,-2.53,4.5,-0.029,0.0514,24.6,1,,
2013,6,00-0021678,Antonio Romo,QB,8.8,-9.34,0.0,-0.1058,0.0,24.6,0,,
2013,6,00-0023436,Alexander Smith,QB,8.02,-10.12,-0.78,-0.1143,-0.0089,24.6,0,,
2013,6,00-0022787,Matthew Schaub,QB,7.44,-10.7,-1.36,-0.1207,-0.0156,24.6,0,,
2013,6,00-0020494,Santana Moss,WR,5.9,-10.43,-3.4,-0.1177,-0.0389,24.6,0,,
2013,6,00-0029051,Jarrett Boykin,WR,5.3,-11.03,-4.0,-0.1243,-0.0457,24.6,0,,
2013,6,00-0029683,Ronnie Hillman,RB,4.6,-12.66,-4.4,-0.1419,-0.0503,24.6,0,,
2013,6,00-0030514,Mychal Rivera,TE,4.0,-13.46,-5.2,-0.1505,-0.0593,24.6,0,,
2013,6,00-0029415,Keshawn Martin,WR,3.2,-13.13,-6.1,-0.1469,-0.0695,24.6,0,,
2013,6,00-0027651,Dexter McCluster,WR,2.4,-13.93,-6.9,-0.1554,-0.0785,24.6,0,,
2013,6,00-0025465,James Jones,WR,2.0,-14.33,-7.3,-0.1597,-0.083,24.6,0,,
2013,6,00-0027057,Brandon Tate,WR,1.6,-14.73,-7.7,-0.1639,-0.0875,24.6,0,,
2013,6,00-0030525,Tavon Austin,WR,1.3,-15.03,-8.0,-0.167,-0.0908,24.6,0,,
2013,6,00-0026173,Donnie Avery,WR,0.6,-15.73,-8.7,-0.1743,-0.0986,24.6,0,,
2013,6,00-0021999,Nathaniel Burleson,WR,0.0,-16.33,-9.3,-0.1805,-0.1053,24.6,0,,
2013,6,00-0029151,Matthew Simms,QB,0.0,-18.14,-8.8,-0.1988,-0.0997,24.6,0,,
2013,6,00-0028651,Michael McNeill,TE,0.0,-17.46,-9.2,-0.192,-0.1042,24.6,0,,
2013,6,00-0030147,Russell Shepard,WR,0.0,-16.33,-9.3,-0.1805,-0.1053,24.6,0,,
2013,6,00-0029494,Joseph Anderson,WR,0.0,-16.33,-9.3,-0.1805,-0.1053,24.6,0,,
2013,6,00-0030532,Stedman Bailey,WR,0.0,-16.33,-9.3,-0.1805,-0.1053,24.6,0,,
2013,6,00-0028079,David Williams,TE,0.0,-17.46,-9.2,-0.192,-0.1042,24.6,0,,
2013,6,00-0027202,Michael Palmer,TE,0.0,-17.46,-9.2,-0.192,-0.1042,24.6,0,,
2013,6,00-0026293,Matthew Slater,WR,0.0,-16.33,-9.3,-0.1805,-0.1053,24.6,0,,
2013,6,00-0024272,Devin Hester,WR,0.0,-16.33,-9.3,-0.1805,-0.1053,24.6,0,,
2013,6,00-0029384,Bobby Rainey,RB,0.0,-17.26,-9.0,-0.1899,-0.102,24.6,0,,
2013,6,00-0027966,Mark Ingram,RB,0.0,-17.26,-9.0,-0.1899,-0.102,24.6,0,,
2013,6,00-0027134,Curtis Painter,QB,0.0,-18.14,-8.8,-0.1988,-0.0997,24.6,0,,
2013,6,00-0026996,Brandon Pettigrew,TE,9.6,-7.86,0.4,-0.0893,0.0046,24.6,1,,
2013,6,00-0027253,Thaddeus Lewis,QB,22.34,4.2,13.54,0.048,0.1513,24.6,1,,
2013,6,00-0030485,Eddie Lacy,RB,13.5,-3.76,4.5,-0.043,0.0514,24.6,1,,
2013,6,00-0029613,Douglas Martin,RB,13.1,-4.16,4.1,-0.0476,0.0469,24.6,1,,
2013,6,00-0022924,Benjamin Roethlisberger,QB,15.66,-2.48,6.86,-0.0284,0.0781,24.6,1,,
2013,6,00-0029883,Joseph Fauria,TE,25.9,8.44,16.7,0.0957,0.1842,24.6,1,,
2013,6,00-0028061,Tandon Doss,WR,13.9,-2.43,4.6,-0.0278,0.0525,24.6,1,,
2013,6,00-0020337,Stevonne Smith,WR,13.1,-3.23,3.8,-0.037,0.0434,24.6,1,,
2013,6,00-0024334,Brandon Marshall,WR,29.7,13.37,20.4,0.1495,0.221,24.6,1,,
2013,6,00-0021547,Antonio Gates,TE,8.8,-8.66,-0.4,-0.0982,-0.0046,24.6,0,,
2013,6,00-0028064,Bilal Powell,RB,8.0,-9.26,-1.0,-0.1049,-0.0115,24.6,0,,
2013,6,00-0029640,Brian Quick,WR,7.4,-8.93,-1.9,-0.1012,-0.0218,24.6,0,,
2013,6,00-0030061,Zachary Ertz,TE,5.8,-11.66,-3.4,-0.1311,-0.0389,24.6,0,,
2013,6,00-0026163,Rashard Mendenhall,RB,5.2,-12.06,-3.8,-0.1355,-0.0434,24.6,0,,
2013,6,00-0029269,Travis Benjamin,WR,4.5,-11.83,-4.8,-0.133,-0.0548,24.6,0,,
2013,6,00-0028091,Jeremy Kerley,WR,3.9,-12.43,-5.4,-0.1394,-0.0616,24.6,0,,
2013,6,00-0027155,Rashad Jennings,RB,3.1,-14.16,-5.9,-0.1579,-0.0673,24.6,0,,
2013,6,00-0026699,Kevin Brock,TE,2.4,-15.06,-6.8,-0.1673,-0.0774,24.6,0,,
2013,6,00-0029429,Bryce Brown,RB,2.0,-15.26,-7.0,-0.1694,-0.0797,24.6,0,,
2013,6,00-0026314,Joshua Morgan,WR,1.6,-14.73,-7.7,-0.1639,-0.0875,24.6,0,,
2013,6,00-0029673,DeVier Posey,WR,1.3,-15.03,-8.0,-0.167,-0.0908,24.6,0,,
2013,6,00-0028706,Armond Smith,RB,0.5,-16.76,-8.5,-0.1849,-0.0964,24.6,0,,
2013,6,00-0026899,Shonn Greene,RB,0.0,-17.26,-9.0,-0.1899,-0.102,24.6,0,,
2013,6,00-0023921,Miles Austin,WR,0.0,-16.33,-9.3,-0.1805,-0.1053,24.6,0,,
2013,6,00-0027606,Trindon Holliday,WR,0.0,-16.33,-9.3,-0.1805,-0.1053,24.6,0,,
2013,6,00-0025701,Ewart Battle,RB,0.0,-17.26,-9.0,-0.1899,-0.102,24.6,0,,
2013,6,00-0028876,Collin Mooney,RB,0.0,-17.26,-9.0,-0.1899,-0.102,24.6,0,,
2013,6,00-0027215,James Paulsen,TE,0.0,-17.46,-9.2,-0.192,-0.1042,24.6,0,,
2013,6,00-0030432,Christine Michael,RB,0.0,-17.26,-9.0,-0.1899,-0.102,24.6,0,,
2013,6,00-0007091,Matthew Hasselbeck,QB,0.0,-18.14,-8.8,-0.1988,-0.0997,24.6,0,,
2013,6,00-0028116,Aldrick Robinson,WR,0.0,-16.33,-9.3,-0.1805,-0.1053,24.6,0,,
2013,6,00-0024345,Domenik Hixon,WR,0.0,-16.33,-9.3,-0.1805,-0.1053,24.6,0,,
2013,6,00-0029590,Taylor Thompson,TE,0.0,-17.46,-9.2,-0.192,-0.1042,24.6,0,,
2013,6,00-0022811,Jerricho Cotchery,WR,0.0,-16.33,-9.3,-0.1805,-0.1053,24.6,0,,
2013,6,00-0021206,Joshua McCown,QB,0.0,-18.14,-8.8,-0.1988,-0.0997,24.6,0,,
2013,6,00-0027690,Eric Decker,WR,10.0,-6.33,0.7,-0.0721,0.008,24.6,1,,
2013,6,00-0024226,Jay Cutler,QB,20.48,2.34,11.68,0.0268,0.1313,24.6,1,,
2013,6,00-0023564,Darren Sproles,RB,13.3,-3.96,4.3,-0.0453,0.0491,24.6,1,,
2013,6,00-0023545,Brandon Jacobs,RB,24.4,7.14,15.4,0.0812,0.1708,24.6,1,,
2013,6,00-0029632,Mohamed Sanu,WR,9.4,-6.93,0.1,-0.0789,0.0011,24.6,1,,
2013,6,00-0022165,Dallas Clark,TE,20.1,2.64,10.9,0.0302,0.1229,24.6,1,,
2013,6,00-0029707,Justin Blackmon,WR,33.0,16.67,23.7,0.1839,0.2519,24.6,1,,
2013,6,00-0027793,Antonio Brown,WR,18.2,1.87,8.9,0.0214,0.1009,24.6,1,,
2013,6,00-0030000,Kenbrell Thompkins,WR,13.5,-2.83,4.2,-0.0324,0.048,24.6,1,,
2013,6,00-0028434,Douglas Baldwin,WR,8.8,-7.53,-0.5,-0.0856,-0.0057,24.6,0,,
2013,6,00-0029668,Andrew Luck,QB,7.98,-10.16,-0.82,-0.1148,-0.0094,24.6,0,,
2013,6,00-0029205,Travaris Cadet,RB,7.3,-9.96,-1.7,-0.1126,-0.0195,24.6,0,,
2013,6,00-0028905,Christopher Owusu,WR,5.8,-10.53,-3.5,-0.1188,-0.04,24.6,0,,
2013,6,00-0029137,Alshon Jeffery,WR,5.2,-11.13,-4.1,-0.1254,-0.0469,24.6,0,,
2013,6,00-0027092,Austin Collie,WR,4.4,-11.93,-4.9,-0.1341,-0.0559,24.6,0,,
2013,6,00-0025396,Theodore Ginn,WR,3.9,-12.43,-5.4,-0.1394,-0.0616,24.6,0,,
2013,6,00-0028159,Da'Rel Scott,RB,3.1,-14.16,-5.9,-0.1579,-0.0673,24.6,0,,
2013,6,00-0030578,Cordarrelle Patterson,RB,2.3,-14.96,-6.7,-0.1663,-0.0763,24.6,0,,
2013,6,00-0027825,James Dray,TE,1.9,-15.56,-7.3,-0.1725,-0.083,24.6,0,,
2013,6,00-0027531,Christopher Ivory,RB,1.6,-15.66,-7.4,-0.1735,-0.0841,24.6,0,,
2013,6,00-0028237,Christopher Hogan,WR,1.2,-15.13,-8.1,-0.168,-0.092,24.6,0,,
2013,6,00-0026182,William Royal,WR,0.4,-15.93,-8.9,-0.1763,-0.1009,24.6,0,,
2013,6,00-0028034,Alexander Green,RB,0.0,-17.26,-9.0,-0.1899,-0.102,24.6,0,,
2013,6,00-0029388,Deonte Thompson,WR,0.0,-16.33,-9.3,-0.1805,-0.1053,24.6,0,,
2013,6,00-0026878,Tom Crabtree,TE,0.0,-17.46,-9.2,-0.192,-0.1042,24.6,0,,
2013,6,00-0028156,Ryan Taylor,TE,0.0,-17.46,-9.2,-0.192,-0.1042,24.6,0,,
2013,6,00-0030292,Brad Sorensen,QB,0.0,-18.14,-8.8,-0.1988,-0.0997,24.6,0,,
2013,6,00-0024279,Tarvaris Jackson,QB,0.0,-18.14,-8.8,-0.1988,-0.0997,24.6,0,,
2013,6,00-0028052,Cecil Shorts,WR,0.0,-16.33,-9.3,-0.1805,-0.1053,24.6,0,,
2013,6,00-0026225,Craig Stevens,TE,0.0,-17.46,-9.2,-0.192,-0.1042,24.6,0,,
2013,6,00-0029793,Brandon Williams,TE,0.0,-17.46,-9.2,-0.192,-0.1042,24.6,0,,
2013,6,00-0028097,Joseph Smith,TE,0.0,-17.46,-9.2,-0.192,-0.1042,24.6,0,,
2013,6,00-0020245,Michael Vick,QB,0.0,-18.14,-8.8,-0.1988,-0.0997,24.6,0,,
2013,6,00-0029218,David Paulson,TE,0.0,-17.46,-9.2,-0.192,-0.1042,24.6,0,,
2013,6,00-0023506,Edwin Smith,TE,0.0,-17.46,-9.2,-0.192,-0.1042,24.6,0,,
2013,6,00-0030542,Terrance Williams,WR,10.7,-5.63,1.4,-0.0642,0.016,24.6,1,,
2013,6,00-0027854,Samuel Bradford,QB,17.08,-1.06,8.28,-0.0122,0.094,24.6,1,,
2013,6,00-0026988,Knowshon Moreno,RB,35.4,18.14,26.4,0.1988,0.2758,24.6,1,,
2013,6,00-0027029,LeSean McCoy,RB,17.1,-0.16,8.1,-0.0019,0.092,24.6,1,,
2013,6,00-0019596,Thomas Brady,QB,14.36,-3.78,5.56,-0.0432,0.0634,24.6,1,,
2013,6,00-0027981,Kyle Rudolph,TE,29.2,11.74,20.0,0.132,0.2171,24.6,1,,
2013,6,00-0029660,Trevor Graham,WR,11.4,-4.93,2.1,-0.0563,0.024,24.6,1,,
2013,6,00-0022921,Larry Fitzgerald,WR,22.1,5.77,12.8,0.0658,0.1434,24.6,1,,
2013,6,00-0027150,Julian Edelman,WR,10.7,-5.63,1.4,-0.0642,0.016,24.6,1,,
2013,6,00-0024204,Fredrick Jackson,RB,8.8,-8.46,-0.2,-0.096,-0.0023,24.6,0,,
2013,6,00-0026195,Raymell Rice,RB,7.9,-9.36,-1.1,-0.106,-0.0126,24.6,0,,
2013,6,00-0022127,Christopher Witten,TE,7.2,-10.26,-2.0,-0.1159,-0.0229,24.6,0,,
2013,6,00-0022084,Anquan Boldin,WR,5.8,-10.53,-3.5,-0.1188,-0.04,24.6,0,,
2013,6,00-0029264,Bernard Pierce,RB,5.1,-12.16,-3.9,-0.1365,-0.0446,24.6,0,,
2013,6,00-0030549,Tyler Eifert,TE,4.3,-13.16,-4.9,-0.1473,-0.0559,24.6,0,,
2013,6,00-0030565,Eugene Smith,QB,3.84,-14.3,-4.96,-0.1594,-0.0566,24.6,0,,
2013,6,00-0029572,Jarius Wright,WR,3.0,-13.33,-6.3,-0.1491,-0.0718,24.6,0,,
2013,6,00-0028016,Austin Pettis,WR,2.2,-14.13,-7.1,-0.1576,-0.0808,24.6,0,,
2013,6,00-0023630,Joel Dreessen,TE,1.9,-15.56,-7.3,-0.1725,-0.083,24.6,0,,
2013,6,00-0030516,Brice Butler,WR,1.5,-14.83,-7.8,-0.1649,-0.0886,24.6,0,,
2013,6,00-0029795,Benjamin Cunningham,RB,1.1,-16.16,-7.9,-0.1787,-0.0897,24.6,0,,
2013,6,00-0023437,Ronnie Brown,RB,0.3,-16.96,-8.7,-0.1869,-0.0986,24.6,0,,
2013,6,00-0029441,Jeremy Stewart,RB,0.0,-17.26,-9.0,-0.1899,-0.102,24.6,0,,
2013,6,00-0029604,Kirk Cousins,QB,0.0,-18.14,-8.8,-0.1988,-0.0997,24.6,0,,
2013,6,00-0024268,Anthony Fasano,TE,0.0,-17.46,-9.2,-0.192,-0.1042,24.6,0,,
2013,6,00-0027675,Edward Dickson,TE,0.0,-17.46,-9.2,-0.192,-0.1042,24.6,0,,
2013,6,00-0027688,Daniel McCoy,QB,0.0,-18.14,-8.8,-0.1988,-0.0997,24.6,0,,
2013,6,00-0028353,Andre Smith,TE,0.0,-17.46,-9.2,-0.192,-0.1042,24.6,0,,
2013,6,00-0022121,Rex Grossman,QB,0.0,-18.14,-8.8,-0.1988,-0.0997,24.6,0,,
2013,6,00-0028093,Niles Paul,TE,0.0,-17.46,-9.2,-0.192,-0.1042,24.6,0,,
2013,6,00-0023541,Kyle Orton,QB,0.0,-18.14,-8.8,-0.1988,-0.0997,24.6,0,,
2013,6,00-0026300,Joshua Johnson,QB,0.0,-18.14,-8.8,-0.1988,-0.0997,24.6,0,,
2013,6,00-0029298,Cyrus Gray,RB,0.0,-17.26,-9.0,-0.1899,-0.102,24.6,0,,
2013,6,00-0024240,Santonio Holmes,WR,0.0,-16.33,-9.3,-0.1805,-0.1053,24.6,0,,
2013,6,00-0030151,Tyler Bray,QB,0.0,-18.14,-8.8,-0.1988,-0.0997,24.6,0,,
2013,6,00-0030472,Jordan Reed,TE,11.8,-5.66,2.6,-0.0646,0.0298,24.6,1,,
2013,6,00-0026498,John Stafford,QB,24.52,6.38,15.72,0.0726,0.1741,24.6,1,,
2013,6,00-0025399,Marshawn Lynch,RB,30.5,13.24,21.5,0.1481,0.2315,24.6,1,,
2013,6,00-0030456,Giovani Bernard,RB,22.0,4.74,13.0,0.0541,0.1455,24.6,1,,
2013,6,00-0022942,Philip Rivers,QB,13.38,-4.76,4.58,-0.0544,0.0523,24.6,1,,
2013,6,00-0025516,William Chandler,TE,13.7,-3.76,4.5,-0.043,0.0514,24.6,1,,
2013,6,00-0027681,Brandon LaFell,WR,21.6,5.27,12.3,0.0601,0.138,24.6,1,,
2013,6,00-0027265,Victor Cruz,WR,10.8,-5.53,1.5,-0.0631,0.0172,24.6,1,,
2013,6,00-0030540,Aaron Dobson,WR,12.3,-4.03,3.0,-0.0461,0.0343,24.6,1,,
2013,6,00-0028049,Edmond Gates,WR,8.6,-7.73,-0.7,-0.0878,-0.008,24.6,0,,
2013,6,00-0026197,Chad Henne,QB,7.82,-10.32,-0.98,-0.1165,-0.0112,24.6,0,,
2013,6,00-0028053,Kendall Hunter,RB,7.1,-10.16,-1.9,-0.1148,-0.0218,24.6,0,,
2013,6,00-0030564,DeAndre Hopkins,WR,5.7,-10.63,-3.6,-0.1199,-0.0412,24.6,0,,
2013,6,00-0028020,Vincent Brown,WR,5.1,-11.23,-4.2,-0.1265,-0.048,24.6,0,,
2013,6,00-0027218,Joique Bell,RB,4.3,-12.96,-4.7,-0.1451,-0.0537,24.6,0,,
2013,6,00-0026373,Justin Forsett,RB,3.8,-13.46,-5.2,-0.1505,-0.0593,24.6,0,,
2013,6,00-0026931,McKenna Pascoe,TE,2.9,-14.56,-6.3,-0.1621,-0.0718,24.6,0,,
2013,6,00-0027709,Jacoby Ford,WR,2.2,-14.13,-7.1,-0.1576,-0.0808,24.6,0,,
2013,6,00-0027964,Jonathan Baldwin,WR,1.9,-14.43,-7.4,-0.1607,-0.0841,24.6,0,,
2013,6,00-0023679,William Bajema,TE,1.5,-15.96,-7.7,-0.1767,-0.0875,24.6,0,,
2013,6,00-0029878,MarQueis Gray,TE,1.0,-16.46,-8.2,-0.1818,-0.0931,24.6,0,,
2013,6,00-0028613,Phillip Tanner,RB,0.2,-17.06,-8.8,-0.1879,-0.0997,24.6,0,,
2013,6,00-0030526,Erik Manuel,QB,0.0,-18.14,-8.8,-0.1988,-0.0997,24.6,0,,
2013,6,00-0029492,Jamize Olawale,RB,0.0,-17.26,-9.0,-0.1899,-0.102,24.6,0,,
2013,6,00-0030288,Michael Burkhead,RB,0.0,-17.26,-9.0,-0.1899,-0.102,24.6,0,,
2013,6,00-0025951,Darius Reynaud,RB,0.0,-17.26,-9.0,-0.1899,-0.102,24.6,0,,
2013,6,00-0030320,Michael Hill,RB,0.0,-17.26,-9.0,-0.1899,-0.102,24.6,0,,
2013,6,00-0023578,Daniel Orlovsky,QB,0.0,-18.14,-8.8,-0.1988,-0.0997,24.6,0,,
2013,6,00-0027791,James Starks,RB,0.0,-17.26,-9.0,-0.1899,-0.102,24.6,0,,
2013,6,00-0028021,Jerrel Jernigan,WR,0.0,-16.33,-9.3,-0.1805,-0.1053,24.6,0,,
2013,6,00-0026298,Kellen Davis,TE,0.0,-17.46,-9.2,-0.192,-0.1042,24.6,0,,
2013,6,00-0026757,Kory Sperry,TE,0.0,-17.46,-9.2,-0.192,-0.1042,24.6,0,,
2013,6,00-0026008,Matthew Mulligan,TE,0.0,-17.46,-9.2,-0.192,-0.1042,24.6,0,,
2013,6,00-0026957,David Johnson,TE,0.0,-17.46,-9.2,-0.192,-0.1042,24.6,0,,
2013,6,00-0029209,Ryan Broyles,WR,0.0,-16.33,-9.3,-0.1805,-0.1053,24.6,0,,
2013,6,00-0030400,Marlon Brown,WR,9.9,-6.43,0.6,-0.0733,0.0069,24.6,1,,
2013,6,00-0027973,Andrew Dalton,QB,25.18,7.04,16.38,0.0801,0.1809,24.6,1,,
2013,6,00-0026184,Matthew Forte,RB,17.1,-0.16,8.1,-0.0019,0.092,24.6,1,,
2013,6,00-0027890,Benjamin Tate,RB,11.8,-5.46,2.8,-0.0623,0.032,24.6,1,,
2013,6,00-0028002,Randall Cobb,WR,9.3,-7.03,0.0,-0.08,0.0,24.6,0,,
2013,6,00-0026231,Jermichael Finley,TE,12.0,-5.46,2.8,-0.0623,0.032,24.6,1,,
2013,6,00-0027874,Demaryius Thomas,WR,10.8,-5.53,1.5,-0.0631,0.0172,24.6,1,,
2013,6,00-0028045,Kristopher Durham,WR,16.3,-0.03,7.0,-0.0004,0.0797,24.6,1,,
2013,6,00-0022044,Andre Johnson,WR,15.8,-0.53,6.5,-0.0061,0.074,24.6,1,,
2013,6,00-0027902,Desmond Bryant,WR,8.6,-7.73,-0.7,-0.0878,-0.008,24.6,0,,
2013,6,00-0028958,Cory Harkey,TE,7.7,-9.76,-1.5,-0.1104,-0.0172,24.6,0,,
2013,6,00-0026186,Jerome Simpson,WR,7.0,-9.33,-2.3,-0.1056,-0.0263,24.6,0,,
2013,6,00-0029273,Robert Turbin,RB,5.6,-11.66,-3.4,-0.1311,-0.0389,24.6,0,,
2013,6,00-0027080,Michael Goodson,RB,4.9,-12.36,-4.1,-0.1387,-0.0469,24.6,0,,
2013,6,00-0026162,Felix Jones,RB,4.3,-12.96,-4.7,-0.1451,-0.0537,24.6,0,,
2013,6,00-0026281,Gary Barnidge,TE,3.6,-13.86,-5.6,-0.1547,-0.0639,24.6,0,,
2013,6,00-0030431,Robert Woods,WR,2.9,-13.43,-6.4,-0.1501,-0.0729,24.6,0,,
2013,6,00-0027996,James Smith,WR,2.2,-14.13,-7.1,-0.1576,-0.0808,24.6,0,,
2013,6,00-0030550,Tracy Sanders,WR,1.9,-14.43,-7.4,-0.1607,-0.0841,24.6,0,,
2013,6,00-0028543,Jeffrey Maehl,WR,1.5,-14.83,-7.8,-0.1649,-0.0886,24.6,0,,
2013,6,00-0027786,Jonathan Dwyer,RB,1.0,-16.26,-8.0,-0.1797,-0.0908,24.6,0,,
2013,6,00-0030547,Denard Robinson,RB,0.2,-17.06,-8.8,-0.1879,-0.0997,24.6,0,,
2013,6,00-0027089,Louis Murphy,WR,0.0,-16.33,-9.3,-0.1805,-0.1053,24.6,0,,
2013,6,00-0030419,Matthew McGloin,QB,0.0,-18.14,-8.8,-0.1988,-0.0997,24.6,0,,
2013,6,00-0029098,Eric Page,WR,0.0,-16.33,-9.3,-0.1805,-0.1053,24.6,0,,
2013,6,00-0029260,LaMichael James,RB,0.0,-17.26,-9.0,-0.1899,-0.102,24.6,0,,
2013,6,00-0026188,Frederick Davis,TE,0.0,-17.46,-9.2,-0.192,-0.1042,24.6,0,,
2013,6,00-0028293,Michael Campbell,WR,0.0,-16.33,-9.3,-0.1805,-0.1053,24.6,0,,
2013,6,00-0028142,Virgil Green,TE,0.0,-17.46,-9.2,-0.192,-0.1042,24.6,0,,
2013,6,00-0028994,Dominique Jones,TE,0.0,-17.46,-9.2,-0.192,-0.1042,24.6,0,,
2013,6,00-0029634,James Hanna,TE,0.0,-17.46,-9.2,-0.192,-0.1042,24.6,0,,
2013,6,00-0028073,Richard Stanzi,QB,0.0,-18.14,-8.8,-0.1988,-0.0997,24.6,0,,
2013,6,00-0027595,Bryan Walters,WR,0.0,-16.33,-9.3,-0.1805,-0.1053,24.6,0,,
2013,6,00-0027696,Jimmy Graham,TE,0.0,-17.46,-9.2,-0.192,-0.1042,24.6,0,,
2013,6,00-0027950,Christian Ponder,QB,0.0,-18.14,-8.8,-0.1988,-0.0997,24.6,0,,
2013,7,00-0022127,Christopher Witten,TE,10.8,-5.54,1.5,-0.0631,0.0172,24.6,1,,
2013,7,00-0026498,John Stafford,QB,26.28,7.96,16.32,0.0903,0.1803,24.6,1,,
2013,7,00-0026213,Jamaal Charles,RB,19.3,2.45,9.8,0.028,0.1108,24.6,1,,
2013,7,00-0026195,Raymell Rice,RB,11.2,-5.65,1.7,-0.0645,0.0195,24.6,1,,
2013,7,00-0027854,Samuel Bradford,QB,12.3,-6.02,2.34,-0.0686,0.0268,24.6,1,,
2013,7,00-0030549,Tyler Eifert,TE,15.0,-1.34,5.7,-0.0153,0.065,24.6,1,,
2013,7,00-0022427,Wesley Welker,WR,16.6,-0.27,6.6,-0.0031,0.0751,24.6,1,,
2013,7,00-0028091,Jeremy Kerley,WR,23.7,6.83,13.7,0.0777,0.1529,24.6,1,,
2013,7,00-0027758,Riley Cooper,WR,14.8,-2.07,4.8,-0.0237,0.0548,24.6,1,,
2013,7,00-0027265,Victor Cruz,WR,10.0,-6.87,0.0,-0.0782,0.0,24.6,0,,
2013,7,00-0024268,Anthony Fasano,TE,8.7,-7.64,-0.6,-0.0867,-0.0069,24.6,0,,
2013,7,00-0028613,Phillip Tanner,RB,7.8,-9.05,-1.7,-0.1025,-0.0195,24.6,0,,
2013,7,00-0030525,Tavon Austin,WR,6.9,-9.97,-3.1,-0.1126,-0.0355,24.6,0,,
2013,7,00-0029567,Nicholas Foles,QB,5.7,-12.62,-4.26,-0.1415,-0.0487,24.6,0,,
2013,7,00-0029673,DeVier Posey,WR,5.2,-11.67,-4.8,-0.1312,-0.0548,24.6,0,,
2013,7,00-0030128,Michael Cox,RB,4.4,-12.45,-5.1,-0.1396,-0.0582,24.6,0,,
2013,7,00-0027861,Clifford Spiller,RB,3.7,-13.15,-5.8,-0.1471,-0.0661,24.6,0,,
2013,7,00-0029883,Joseph Fauria,TE,3.0,-13.34,-6.3,-0.1491,-0.0718,24.6,0,,
2013,7,00-0027825,James Dray,TE,2.3,-14.04,-7.0,-0.1565,-0.0796,24.6,0,,
2013,7,00-0027685,Emmanuel Sanders,WR,1.7,-15.17,-8.3,-0.1684,-0.0942,24.6,0,,
2013,7,00-0026796,Arian Foster,RB,1.1,-15.75,-8.4,-0.1745,-0.0953,24.6,0,,
2013,7,00-0029298,Cyrus Gray,RB,0.3,-16.55,-9.2,-0.1827,-0.1041,24.6,0,,
2013,7,00-0030526,Erik Manuel,QB,0.0,-18.32,-9.96,-0.2005,-0.1125,24.6,0,,
2013,7,00-0028009,DeMarco Murray,RB,0.0,-16.85,-9.5,-0.1857,-0.1075,24.6,0,,
2013,7,00-0029654,Alfred Jenkins,WR,0.0,-16.87,-10.0,-0.1859,-0.113,24.6,0,,
2013,7,00-0027069,Chase Coffman,TE,0.0,-16.34,-9.3,-0.1804,-0.1053,24.6,0,,
2013,7,00-0030292,Brad Sorensen,QB,0.0,-18.32,-9.96,-0.2005,-0.1125,24.6,0,,
2013,7,00-0027215,James Paulsen,TE,0.0,-16.34,-9.3,-0.1804,-0.1053,24.6,0,,
2013,7,00-0030432,Christine Michael,RB,0.0,-16.85,-9.5,-0.1857,-0.1075,24.6,0,,
2013,7,00-0024408,Bruce Gradkowski,QB,0.0,-18.32,-9.96,-0.2005,-0.1125,24.6,0,,
2013,7,00-0029548,LaVon Brazill,WR,0.0,-16.87,-10.0,-0.1859,-0.113,24.6,0,,
2013,7,00-0028596,Norristorius Gurley,WR,0.0,-16.87,-10.0,-0.1859,-0.113,24.6,0,,
2013,7,00-0028050,Gregory Salas,WR,0.0,-16.87,-10.0,-0.1859,-0.113,24.6,0,,
2013,7,00-0028012,Ryan Mallett,QB,0.0,-18.32,-9.96,-0.2005,-0.1125,24.6,0,,
2013,7,00-0028841,William Johnson,RB,0.0,-16.85,-9.5,-0.1857,-0.1075,24.6,0,,
2013,7,00-0024296,Charlie Whitehurst,QB,-0.3,-18.62,-10.26,-0.2035,-0.1158,24.6,0,,
2013,7,00-0022165,Dallas Clark,TE,11.4,-4.94,2.1,-0.0563,0.024,24.6,1,,
2013,7,00-0027974,Colin Kaepernick,QB,20.76,2.44,10.8,0.0279,0.1217,24.6,1,,
2013,7,00-0030496,Le'Veon Bell,RB,10.9,-5.95,1.4,-0.0679,0.016,24.6,1,,
2013,7,00-0026367,Peyton Hillis,RB,18.1,1.25,8.6,0.0143,0.0975,24.6,1,,
2013,7,00-0023436,Alexander Smith,QB,17.0,-1.32,7.04,-0.0151,0.0801,24.6,1,,
2013,7,00-0025425,Zachary Miller,TE,17.5,1.16,8.2,0.0133,0.093,24.6,1,,
2013,7,00-0027322,David Nelson,WR,12.0,-4.87,2.0,-0.0556,0.0229,24.6,1,,
2013,7,00-0030300,Jaron Brown,WR,12.0,-4.87,2.0,-0.0556,0.0229,24.6,1,,
2013,7,00-0026901,Burnell Wallace,WR,13.8,-3.07,3.8,-0.0351,0.0434,24.6,1,,
2013,7,00-0020498,Reginald Wayne,WR,10.0,-6.87,0.0,-0.0782,0.0,24.6,0,,
2013,7,00-0023465,Earl Miller,TE,8.7,-7.64,-0.6,-0.0867,-0.0069,24.6,0,,
2013,7,00-0030061,Zachary Ertz,TE,7.8,-8.54,-1.5,-0.0968,-0.0172,24.6,0,,
2013,7,00-0024242,DeAngelo Williams,RB,6.9,-9.95,-2.6,-0.1125,-0.0297,24.6,0,,
2013,7,00-0029615,Lamar Miller,RB,5.7,-11.15,-3.8,-0.1256,-0.0434,24.6,0,,
2013,7,00-0019596,Thomas Brady,QB,5.12,-13.2,-4.84,-0.1477,-0.0553,24.6,0,,
2013,7,00-0029731,Foswhitt Whittaker,RB,4.4,-12.45,-5.1,-0.1396,-0.0582,24.6,0,,
2013,7,00-0028017,Leonard Hankerson,WR,3.6,-13.27,-6.4,-0.1484,-0.0729,24.6,0,,
2013,7,00-0026878,Tom Crabtree,TE,2.9,-13.44,-6.4,-0.1501,-0.0729,24.6,0,,
2013,7,00-0029572,Jarius Wright,WR,2.3,-14.57,-7.7,-0.1621,-0.0875,24.6,0,,
2013,7,00-0029391,Sean McGrath,TE,1.6,-14.74,-7.7,-0.1639,-0.0875,24.6,0,,
2013,7,00-0030547,Denard Robinson,RB,0.9,-15.95,-8.6,-0.1765,-0.0975,24.6,0,,
2013,7,00-0026899,Shonn Greene,RB,0.2,-16.65,-9.3,-0.1837,-0.1053,24.6,0,,
2013,7,00-0027089,Louis Murphy,WR,0.0,-16.87,-10.0,-0.1859,-0.113,24.6,0,,
2013,7,00-0029151,Matthew Simms,QB,0.0,-18.32,-9.96,-0.2005,-0.1125,24.6,0,,
2013,7,00-0029564,Bryan Cunningham,WR,0.0,-16.87,-10.0,-0.1859,-0.113,24.6,0,,
2013,7,00-0028156,Ryan Taylor,TE,0.0,-16.34,-9.3,-0.1804,-0.1053,24.6,0,,
2013,7,00-0027688,Daniel McCoy,QB,0.0,-18.32,-9.96,-0.2005,-0.1125,24.6,0,,
2013,7,00-0025487,Michael Bush,RB,0.0,-16.85,-9.5,-0.1857,-0.1075,24.6,0,,
2013,7,00-0022121,Rex Grossman,QB,0.0,-18.32,-9.96,-0.2005,-0.1125,24.6,0,,
2013,7,00-0029854,Cortrelle Anderson,RB,0.0,-16.85,-9.5,-0.1857,-0.1075,24.6,0,,
2013,7,00-0027583,Richard Brockel,TE,0.0,-16.34,-9.3,-0.1804,-0.1053,24.6,0,,
2013,7,00-0026757,Kory Sperry,TE,0.0,-16.34,-9.3,-0.1804,-0.1053,24.6,0,,
2013,7,00-0029590,Taylor Thompson,TE,0.0,-16.34,-9.3,-0.1804,-0.1053,24.6,0,,
2013,7,00-0028249,Jeremy Ross,WR,0.0,-16.87,-10.0,-0.1859,-0.113,24.6,0,,
2013,7,00-0024535,Eric Weems,WR,0.0,-16.87,-10.0,-0.1859,-0.113,24.6,0,,
2013,7,00-0030533,Matthew Barkley,QB,-0.84,-19.16,-10.8,-0.2089,-0.1217,24.6,0,,
2013,7,00-0021547,Antonio Gates,TE,12.1,-4.24,2.8,-0.0484,0.032,24.6,1,,
2013,7,00-0029263,Russell Wilson,QB,19.3,0.98,9.34,0.0112,0.1057,24.6,1,,
2013,7,00-0027029,LeSean McCoy,RB,14.1,-2.75,4.6,-0.0315,0.0525,24.6,1,,
2013,7,00-0030388,Joseph Randle,RB,12.3,-4.55,2.8,-0.052,0.032,24.6,1,,
2013,7,00-0027939,Cameron Newton,QB,13.76,-4.56,3.8,-0.0521,0.0434,24.6,1,,
2013,7,00-0028007,Robert Housler,TE,14.8,-1.54,5.5,-0.0176,0.0627,24.6,1,,
2013,7,00-0022044,Andre Johnson,WR,12.9,-3.97,2.9,-0.0454,0.0332,24.6,1,,
2013,7,00-0028116,Aldrick Robinson,WR,14.4,-2.47,4.4,-0.0283,0.0503,24.6,1,,
2013,7,00-0029707,Justin Blackmon,WR,11.8,-5.07,1.8,-0.0579,0.0206,24.6,1,,
2013,7,00-0029677,Brandon Weeden,QB,9.96,-8.36,0.0,-0.0949,0.0,24.6,0,,
2013,7,00-0027321,Jeffrey Cumberland,TE,8.6,-7.74,-0.7,-0.0879,-0.008,24.6,0,,
2013,7,00-0024275,Maurice Jones-Drew,RB,7.6,-9.25,-1.9,-0.1047,-0.0217,24.6,0,,
2013,7,00-0028000,Daniel Thomas,RB,6.8,-10.05,-2.7,-0.1136,-0.0309,24.6,0,,
2013,7,00-0028905,Christopher Owusu,WR,5.7,-11.17,-4.3,-0.1258,-0.0491,24.6,0,,
2013,7,00-0026189,DeSean Jackson,WR,5.1,-11.77,-4.9,-0.1323,-0.0559,24.6,0,,
2013,7,00-0029778,Darius Johnson,WR,4.4,-12.47,-5.6,-0.1398,-0.0639,24.6,0,,
2013,7,00-0030000,Kenbrell Thompkins,WR,3.6,-13.27,-6.4,-0.1484,-0.0729,24.6,0,,
2013,7,00-0029108,Derek Moye,WR,2.9,-13.97,-7.1,-0.1558,-0.0808,24.6,0,,
2013,7,00-0026267,Jacob Tamme,TE,2.2,-14.14,-7.1,-0.1575,-0.0808,24.6,0,,
2013,7,00-0026262,Tashard Choice,RB,1.6,-15.25,-7.9,-0.1693,-0.0897,24.6,0,,
2013,7,00-0028121,Jordan Todman,RB,0.8,-16.05,-8.7,-0.1776,-0.0986,24.6,0,,
2013,7,00-0027608,Kyle Williams,WR,0.0,-16.87,-10.0,-0.1859,-0.113,24.6,0,,
2013,7,00-0021570,Kassim Osgood,WR,0.0,-16.87,-10.0,-0.1859,-0.113,24.6,0,,
2013,7,00-0029311,Kenneth Hemingway,WR,0.0,-16.87,-10.0,-0.1859,-0.113,24.6,0,,
2013,7,00-0028651,Michael McNeill,TE,0.0,-16.34,-9.3,-0.1804,-0.1053,24.6,0,,
2013,7,00-0029260,LaMichael James,RB,0.0,-16.85,-9.5,-0.1857,-0.1075,24.6,0,,
2013,7,00-0026188,Frederick Davis,TE,0.0,-16.34,-9.3,-0.1804,-0.1053,24.6,0,,
2013,7,00-0024279,Tarvaris Jackson,QB,0.0,-18.32,-9.96,-0.2005,-0.1125,24.6,0,,
2013,7,00-0027791,James Starks,RB,0.0,-16.85,-9.5,-0.1857,-0.1075,24.6,0,,
2013,7,00-0029438,Christopher Polk,RB,0.0,-16.85,-9.5,-0.1857,-0.1075,24.6,0,,
2013,7,00-0026266,Lavelle Hawkins,WR,0.0,-16.87,-10.0,-0.1859,-0.113,24.6,0,,
2013,7,00-0030282,Stepfan Taylor,RB,0.0,-16.85,-9.5,-0.1857,-0.1075,24.6,0,,
2013,7,00-0020245,Michael Vick,QB,0.0,-18.32,-9.96,-0.2005,-0.1125,24.6,0,,
2013,7,00-0027964,Jonathan Baldwin,WR,0.0,-16.87,-10.0,-0.1859,-0.113,24.6,0,,
2013,7,00-0027134,Curtis Painter,QB,0.0,-18.32,-9.96,-0.2005,-0.1125,24.6,0,,
2013,7,00-0024226,Jay Cutler,QB,-0.88,-19.2,-10.84,-0.2093,-0.1222,24.6,0,,
2013,7,00-0025418,Greg Olsen,TE,10.7,-5.64,1.4,-0.0643,0.016,24.6,1,,
2013,7,00-0027946,Jacob Locker,QB,21.94,3.62,11.98,0.0414,0.1345,24.6,1,,
2013,7,00-0025399,Marshawn Lynch,RB,16.4,-0.45,6.9,-0.0052,0.0785,24.6,1,,
2013,7,00-0027531,Christopher Ivory,RB,11.2,-5.65,1.7,-0.0645,0.0195,24.6,1,,
2013,7,00-0021206,Joshua McCown,QB,15.46,-2.86,5.5,-0.0327,0.0627,24.6,1,,
2013,7,00-0027873,Jermaine Gresham,TE,12.4,-3.94,3.1,-0.045,0.0355,24.6,1,,
2013,7,00-0027690,Eric Decker,WR,29.0,12.13,19.0,0.1362,0.2073,24.6,1,,
2013,7,00-0029155,William Brown,WR,17.0,0.13,7.0,0.0015,0.0796,24.6,1,,
2013,7,00-0026224,Harry Douglas,WR,27.9,11.03,17.9,0.1242,0.1963,24.6,1,,
2013,7,00-0021429,Carson Palmer,QB,9.82,-8.5,-0.14,-0.0964,-0.0016,24.6,0,,
2013,7,00-0027218,Joique Bell,RB,8.6,-8.25,-0.9,-0.0937,-0.0103,24.6,0,,
2013,7,00-0026298,Kellen Davis,TE,7.6,-8.74,-1.7,-0.099,-0.0195,24.6,0,,
2013,7,00-0027681,Brandon LaFell,WR,6.5,-10.37,-3.5,-0.117,-0.04,24.6,0,,
2013,7,00-0029660,Trevor Graham,WR,5.6,-11.27,-4.4,-0.1268,-0.0503,24.6,0,,
2013,7,00-0025516,William Chandler,TE,4.8,-11.54,-4.5,-0.1297,-0.0514,24.6,0,,
2013,7,00-0028542,Lestar Jean,WR,4.1,-12.77,-5.9,-0.143,-0.0672,24.6,0,,
2013,7,00-0029209,Ryan Broyles,WR,3.6,-13.27,-6.4,-0.1484,-0.0729,24.6,0,,
2013,7,00-0026162,Felix Jones,RB,2.9,-13.95,-6.6,-0.1556,-0.0751,24.6,0,,
2013,7,00-0029632,Mohamed Sanu,WR,2.2,-14.67,-7.8,-0.1632,-0.0886,24.6,0,,
2013,7,00-0025701,Ewart Battle,RB,1.6,-15.25,-7.9,-0.1693,-0.0897,24.6,0,,
2013,7,00-0027772,Anthony Dixon,RB,0.8,-16.05,-8.7,-0.1776,-0.0986,24.6,0,,
2013,7,00-0027057,Brandon Tate,WR,0.0,-16.87,-10.0,-0.1859,-0.113,24.6,0,,
2013,7,00-0029435,Damaris Johnson,WR,0.0,-16.87,-10.0,-0.1859,-0.113,24.6,0,,
2013,7,00-0023921,Miles Austin,WR,0.0,-16.87,-10.0,-0.1859,-0.113,24.6,0,,
2013,7,00-0027606,Trindon Holliday,WR,0.0,-16.87,-10.0,-0.1859,-0.113,24.6,0,,
2013,7,00-0028795,Chase Reynolds,RB,0.0,-16.85,-9.5,-0.1857,-0.1075,24.6,0,,
2013,7,00-0029269,Travis Benjamin,WR,0.0,-16.87,-10.0,-0.1859,-0.113,24.6,0,,
2013,7,00-0028353,Andre Smith,TE,0.0,-16.34,-9.3,-0.1804,-0.1053,24.6,0,,
2013,7,00-0028142,Virgil Green,TE,0.0,-16.34,-9.3,-0.1804,-0.1053,24.6,0,,
2013,7,00-0026293,Matthew Slater,WR,0.0,-16.87,-10.0,-0.1859,-0.113,24.6,0,,
2013,7,00-0029414,Orson Charles,TE,0.0,-16.34,-9.3,-0.1804,-0.1053,24.6,0,,
2013,7,00-0028073,Richard Stanzi,QB,0.0,-18.32,-9.96,-0.2005,-0.1125,24.6,0,,
2013,7,00-0026008,Matthew Mulligan,TE,0.0,-16.34,-9.3,-0.1804,-0.1053,24.6,0,,
2013,7,00-0024240,Santonio Holmes,WR,0.0,-16.87,-10.0,-0.1859,-0.113,24.6,0,,
2013,7,00-0025708,Matthew Moore,QB,0.0,-18.32,-9.96,-0.2005,-0.1125,24.6,0,,
2013,7,00-0024264,Kellen Clemens,QB,-2.24,-20.56,-12.2,-0.2225,-0.1369,24.6,0,,
2013,7,00-0029638,Michael Floyd,WR,10.8,-6.07,0.8,-0.0692,0.0092,24.6,1,,
2013,7,00-0029668,Andrew Luck,QB,30.02,11.7,20.06,0.1315,0.2176,24.6,1,,
2013,7,00-0028083,Jacquizz Rodgers,RB,26.2,9.35,16.7,0.1058,0.1842,24.6,1,,
2013,7,00-0029239,Brandon Bolden,RB,11.3,-5.55,1.8,-0.0633,0.0206,24.6,1,,
2013,7,00-0022803,Elisha Manning,QB,11.5,-6.82,1.54,-0.0776,0.0176,24.6,1,,
2013,7,00-0028067,Julius Thomas,TE,17.6,1.26,8.3,0.0145,0.0942,24.6,1,,
2013,7,00-0027942,Adriel Green,WR,27.5,10.63,17.5,0.1199,0.1923,24.6,1,,
2013,7,00-0030542,Terrance Williams,WR,19.1,2.23,9.1,0.0255,0.103,24.6,1,,
2013,7,00-0026182,William Royal,WR,16.9,0.03,6.9,0.0003,0.0785,24.6,1,,
2013,7,00-0030279,Keenan Allen,WR,9.7,-7.17,-0.3,-0.0815,-0.0034,24.6,0,,
2013,7,00-0027718,Garrett Graham,TE,8.3,-8.04,-1.0,-0.0912,-0.0115,24.6,0,,
2013,7,00-0025394,Adrian Peterson,RB,7.6,-9.25,-1.9,-0.1047,-0.0217,24.6,0,,
2013,7,00-0029613,Douglas Martin,RB,6.4,-10.45,-3.1,-0.118,-0.0355,24.6,0,,
2013,7,00-0026993,Josh Freeman,QB,5.6,-12.72,-4.36,-0.1425,-0.0498,24.6,0,,
2013,7,00-0027005,Hakeem Nicks,WR,4.8,-12.07,-5.2,-0.1355,-0.0593,24.6,0,,
2013,7,00-0029664,Joshua Gordon,WR,4.1,-12.77,-5.9,-0.143,-0.0672,24.6,0,,
2013,7,00-0030470,Vance McDonald,TE,3.5,-12.84,-5.8,-0.1437,-0.0661,24.6,0,,
2013,7,00-0029612,Daryl Richardson,RB,2.8,-14.05,-6.7,-0.1567,-0.0763,24.6,0,,
2013,7,00-0030181,John Doyle,TE,2.2,-14.14,-7.1,-0.1575,-0.0808,24.6,0,,
2013,7,00-0029683,Ronnie Hillman,RB,1.6,-15.25,-7.9,-0.1693,-0.0897,24.6,0,,
2013,7,00-0028114,Dwayne Harris,WR,0.6,-16.27,-9.4,-0.1798,-0.1064,24.6,0,,
2013,7,00-0027725,Clayton Harbor,TE,0.0,-16.34,-9.3,-0.1804,-0.1053,24.6,0,,
2013,7,00-0030108,Ryan Griffin,TE,0.0,-16.34,-9.3,-0.1804,-0.1053,24.6,0,,
2013,7,00-0028119,Richard Gordon,TE,0.0,-16.34,-9.3,-0.1804,-0.1053,24.6,0,,
2013,7,00-0026314,Joshua Morgan,WR,0.0,-16.87,-10.0,-0.1859,-0.113,24.6,0,,
2013,7,00-0030394,Zac Dysert,QB,0.0,-18.32,-9.96,-0.2005,-0.1125,24.6,0,,
2013,7,00-0028838,Larry Donnell,TE,0.0,-16.34,-9.3,-0.1804,-0.1053,24.6,0,,
2013,7,00-0023578,Daniel Orlovsky,QB,0.0,-18.32,-9.96,-0.2005,-0.1125,24.6,0,,
2013,7,00-0026577,Marcus Thigpen,WR,0.0,-16.87,-10.0,-0.1859,-0.113,24.6,0,,
2013,7,00-0029793,Brandon Williams,TE,0.0,-16.34,-9.3,-0.1804,-0.1053,24.6,0,,
2013,7,00-0023682,Ryan Fitzpatrick,QB,0.0,-18.32,-9.96,-0.2005,-0.1125,24.6,0,,
2013,7,00-0027948,Blaine Gabbert,QB,0.0,-18.32,-9.96,-0.2005,-0.1125,24.6,0,,
2013,7,00-0027595,Bryan Walters,WR,0.0,-16.87,-10.0,-0.1859,-0.113,24.6,0,,
2013,7,00-0027796,Joseph Webb,QB,0.0,-18.32,-9.96,-0.2005,-0.1125,24.6,0,,
2013,7,00-0023506,Edwin Smith,TE,0.0,-16.34,-9.3,-0.1804,-0.1053,24.6,0,,
2013,7,00-0026345,Pierre Garcon,WR,10.8,-6.07,0.8,-0.0692,0.0092,24.6,1,,
2013,7,00-0010346,Peyton Manning,QB,24.34,6.02,14.38,0.0686,0.1601,24.6,1,,
2013,7,00-0026988,Knowshon Moreno,RB,13.9,-2.95,4.4,-0.0338,0.0503,24.6,1,,
2013,7,00-0030485,Eddie Lacy,RB,21.8,4.95,12.3,0.0565,0.138,24.6,1,,
2013,7,00-0021678,Antonio Romo,QB,11.88,-6.44,1.92,-0.0734,0.022,24.6,1,,
2013,7,00-0030472,Jordan Reed,TE,32.9,16.56,23.6,0.1828,0.2509,24.6,1,,
2013,7,00-0027077,Brian Hartline,WR,12.9,-3.97,2.9,-0.0454,0.0332,24.6,1,,
2013,7,00-0027874,Demaryius Thomas,WR,18.2,1.33,8.2,0.0152,0.093,24.6,1,,
2013,7,00-0025389,Calvin Johnson,WR,36.5,19.63,26.5,0.2135,0.2766,24.6,1,,
2013,7,00-0027003,Donald Brown,RB,9.5,-7.35,0.0,-0.0836,0.0,24.6,1,,
2013,7,00-0027691,Andre Roberts,WR,8.3,-8.57,-1.7,-0.0972,-0.0195,24.6,0,,
2013,7,00-0027890,Benjamin Tate,RB,7.5,-9.35,-2.0,-0.1059,-0.0229,24.6,0,,
2013,7,00-0030540,Aaron Dobson,WR,6.4,-10.47,-3.6,-0.1181,-0.0412,24.6,0,,
2013,7,00-0027893,Damian Williams,WR,5.5,-11.37,-4.5,-0.1279,-0.0514,24.6,0,,
2013,7,00-0029608,Eugene Hilton,WR,4.7,-12.17,-5.3,-0.1366,-0.0605,24.6,0,,
2013,7,00-0026373,Justin Forsett,RB,3.9,-12.95,-5.6,-0.145,-0.0639,24.6,0,,
2013,7,00-0028307,Andrew Davis,WR,3.4,-13.47,-6.6,-0.1505,-0.0751,24.6,0,,
2013,7,00-0029159,Jermaine Kearse,WR,2.7,-14.17,-7.3,-0.1579,-0.083,24.6,0,,
2013,7,00-0027092,Austin Collie,WR,2.0,-14.87,-8.0,-0.1653,-0.0908,24.6,0,,
2013,7,00-0027156,Tiquan Underwood,WR,1.6,-15.27,-8.4,-0.1694,-0.0953,24.6,0,,
2013,7,00-0030078,Johnathan Franklin,RB,0.6,-16.25,-8.9,-0.1796,-0.1008,24.6,0,,
2013,7,00-0027188,Chandler Hall,WR,0.0,-16.87,-10.0,-0.1859,-0.113,24.6,0,,
2013,7,00-0028792,Kevin Cone,WR,0.0,-16.87,-10.0,-0.1859,-0.113,24.6,0,,
2013,7,00-0029388,Deonte Thompson,WR,0.0,-16.87,-10.0,-0.1859,-0.113,24.6,0,,
2013,7,00-0030288,Michael Burkhead,RB,0.0,-16.85,-9.5,-0.1857,-0.1075,24.6,0,,
2013,7,00-0030107,Theodore Riddick,RB,0.0,-16.85,-9.5,-0.1857,-0.1075,24.6,0,,
2013,7,00-0030460,Markus Wheaton,WR,0.0,-16.87,-10.0,-0.1859,-0.113,24.6,0,,
2013,7,00-0028293,Michael Campbell,WR,0.0,-16.87,-10.0,-0.1859,-0.113,24.6,0,,
2013,7,00-0027202,Michael Palmer,TE,0.0,-16.34,-9.3,-0.1804,-0.1053,24.6,0,,
2013,7,00-0026855,Antone Smith,RB,0.0,-16.85,-9.5,-0.1857,-0.1075,24.6,0,,
2013,7,00-0026544,William Daniel,QB,0.0,-18.32,-9.96,-0.2005,-0.1125,24.6,0,,
2013,7,00-0028115,Evan Royster,RB,0.0,-16.85,-9.5,-0.1857,-0.1075,24.6,0,,
2013,7,00-0030465,Kenjon Barner,RB,0.0,-16.85,-9.5,-0.1857,-0.1075,24.6,0,,
2013,7,00-0027732,Michael Hoomanawanui,TE,0.0,-16.34,-9.3,-0.1804,-0.1053,24.6,0,,
2013,7,00-0030151,Tyler Bray,QB,0.0,-18.32,-9.96,-0.2005,-0.1125,24.6,0,,
2013,7,00-0027891,Golden Tate,WR,11.7,-5.17,1.7,-0.059,0.0195,24.6,1,,
2013,7,00-0030520,Michael Glennon,QB,17.54,-0.78,7.58,-0.009,0.0861,24.6,1,,
2013,7,00-0023500,Franklin Gore,RB,24.4,7.55,14.9,0.0857,0.1656,24.6,1,,
2013,7,00-0029141,Alfred Morris,RB,9.5,-7.35,0.0,-0.0836,0.0,24.6,0,,
2013,7,00-0029701,Ryan Tannehill,QB,14.26,-4.06,4.3,-0.0464,0.0491,24.6,1,,
2013,7,00-0026231,Jermichael Finley,TE,20.7,4.36,11.4,0.0499,0.1283,24.6,1,,
2013,7,00-0024334,Brandon Marshall,WR,13.5,-3.37,3.5,-0.0385,0.04,24.6,1,,
2013,7,00-0029137,Alshon Jeffery,WR,16.1,-0.77,6.1,-0.0088,0.0695,24.6,1,,
2013,7,00-0027902,Desmond Bryant,WR,19.0,2.13,9.0,0.0244,0.1019,24.6,1,,
2013,7,00-0027150,Julian Edelman,WR,9.4,-7.47,-0.6,-0.0849,-0.0069,24.6,0,,
2013,7,00-0030391,Michael James,RB,8.3,-8.55,-1.2,-0.097,-0.0137,24.6,0,,
2013,7,00-0025460,Jacoby Jones,WR,7.2,-9.67,-2.8,-0.1093,-0.032,24.6,0,,
2013,7,00-0026173,Donnie Avery,WR,6.3,-10.57,-3.7,-0.1192,-0.0423,24.6,0,,
2013,7,00-0028061,Tandon Doss,WR,5.5,-11.37,-4.5,-0.1279,-0.0514,24.6,0,,
2013,7,00-0027675,Edward Dickson,TE,4.7,-11.64,-4.6,-0.1308,-0.0525,24.6,0,,
2013,7,00-0022178,Willis McGahee,RB,3.9,-12.95,-5.6,-0.145,-0.0639,24.6,0,,
2013,7,00-0029614,Christopher Givens,WR,3.4,-13.47,-6.6,-0.1505,-0.0751,24.6,0,,
2013,7,00-0028995,Stephen Hill,WR,2.7,-14.17,-7.3,-0.1579,-0.083,24.6,0,,
2013,7,00-0027139,John Phillips,TE,2.0,-14.34,-7.3,-0.1597,-0.083,24.6,0,,
2013,7,00-0029273,Robert Turbin,RB,1.5,-15.35,-8.0,-0.1703,-0.0908,24.6,0,,
2013,7,00-0028053,Kendall Hunter,RB,0.6,-16.25,-8.9,-0.1796,-0.1008,24.6,0,,
2013,7,00-0030544,Gavin Escobar,TE,0.0,-16.34,-9.3,-0.1804,-0.1053,24.6,0,,
2013,7,00-0028198,Matthew Asiata,RB,0.0,-16.85,-9.5,-0.1857,-0.1075,24.6,0,,
2013,7,00-0029604,Kirk Cousins,QB,0.0,-18.32,-9.96,-0.2005,-0.1125,24.6,0,,
2013,7,00-0029098,Eric Page,WR,0.0,-16.87,-10.0,-0.1859,-0.113,24.6,0,,
2013,7,00-0028581,Patrick DiMarco,RB,0.0,-16.85,-9.5,-0.1857,-0.1075,24.6,0,,
2013,7,00-0027581,Oluseyi Ajirotutu,WR,0.0,-16.87,-10.0,-0.1859,-0.113,24.6,0,,
2013,7,00-0026237,Andre Caldwell,WR,0.0,-16.87,-10.0,-0.1859,-0.113,24.6,0,,
2013,7,00-0007091,Matthew Hasselbeck,QB,0.0,-18.32,-9.96,-0.2005,-0.1125,24.6,0,,
2013,7,00-0030422,Dion Sims,TE,0.0,-16.34,-9.3,-0.1804,-0.1053,24.6,0,,
2013,7,00-0030522,Montee Ball,RB,0.0,-16.85,-9.5,-0.1857,-0.1075,24.6,0,,
2013,7,00-0030272,Jacob Stoneburner,TE,0.0,-16.34,-9.3,-0.1804,-0.1053,24.6,0,,
2013,7,00-0028105,Ryan Whalen,WR,0.0,-16.87,-10.0,-0.1859,-0.113,24.6,0,,
2013,7,00-0030024,Jeffrey Tuel,QB,0.0,-18.32,-9.96,-0.2005,-0.1125,24.6,0,,
2013,7,00-0030150,Matthew Tucker,RB,0.0,-16.85,-9.5,-0.1857,-0.1075,24.6,0,,
2013,7,00-0029000,Cole Beasley,WR,11.3,-5.57,1.3,-0.0635,0.0149,24.6,1,,
2013,7,00-0027973,Andrew Dalton,QB,27.48,9.16,17.52,0.1037,0.1925,24.6,1,,
2013,7,00-0028011,Stevan Ridley,RB,13.3,-3.55,3.8,-0.0406,0.0434,24.6,1,,
2013,7,00-0024204,Fredrick Jackson,RB,18.5,1.65,9.0,0.0188,0.1019,24.6,1,,
2013,7,00-0022924,Benjamin Roethlisberger,QB,12.9,-5.42,2.94,-0.0619,0.0336,24.6,1,,
2013,7,00-0028040,Jordan Cameron,TE,22.0,5.66,12.7,0.0646,0.1423,24.6,1,,
2013,7,00-0029051,Jarrett Boykin,WR,24.3,7.43,14.3,0.0845,0.1593,24.6,1,,
2013,7,00-0022084,Anquan Boldin,WR,12.4,-4.47,2.4,-0.051,0.0275,24.6,1,,
2013,7,00-0025431,Sidney Rice,WR,14.0,-2.87,4.0,-0.0328,0.0457,24.6,1,,
2013,7,00-0027061,Jared Cook,TE,9.3,-7.04,0.0,-0.08,0.0,24.6,0,,
2013,7,00-0028112,Charles Clay,TE,8.2,-8.14,-1.1,-0.0923,-0.0126,24.6,0,,
2013,7,00-0027981,Kyle Rudolph,TE,7.2,-9.14,-2.1,-0.1034,-0.024,24.6,0,,
2013,7,00-0026186,Jerome Simpson,WR,6.2,-10.67,-3.8,-0.1203,-0.0434,24.6,0,,
2013,7,00-0030578,Cordarrelle Patterson,RB,5.4,-11.45,-4.1,-0.1289,-0.0468,24.6,0,,
2013,7,00-0028020,Vincent Brown,WR,4.6,-12.27,-5.4,-0.1377,-0.0616,24.6,0,,
2013,7,00-0030089,Luke Willson,TE,3.8,-12.54,-5.5,-0.1405,-0.0627,24.6,0,,
2013,7,00-0028097,Joseph Smith,TE,3.3,-13.04,-6.0,-0.1459,-0.0684,24.6,0,,
2013,7,00-0028434,Douglas Baldwin,WR,2.6,-14.27,-7.4,-0.159,-0.0841,24.6,0,,
2013,7,00-0026931,McKenna Pascoe,TE,1.9,-14.44,-7.4,-0.1607,-0.0841,24.6,0,,
2013,7,00-0027140,Christopher Ogbonnaya,RB,1.5,-15.35,-8.0,-0.1703,-0.0908,24.6,0,,
2013,7,00-0028064,Bilal Powell,RB,0.6,-16.25,-8.9,-0.1796,-0.1008,24.6,0,,
2013,7,00-0020679,Shaun Hill,QB,0.0,-18.32,-9.96,-0.2005,-0.1125,24.6,0,,
2013,7,00-0030433,Michael Gillislee,RB,0.0,-16.85,-9.5,-0.1857,-0.1075,24.6,0,,
2013,7,00-0023462,Sharod White,WR,0.0,-16.87,-10.0,-0.1859,-0.113,24.6,0,,
2013,7,00-0030586,Ryan Nassib,QB,0.0,-18.32,-9.96,-0.2005,-0.1125,24.6,0,,
2013,7,00-0030068,Marquise Goodwin,WR,0.0,-16.87,-10.0,-0.1859,-0.113,24.6,0,,
2013,7,00-0030077,Christopher Harper,WR,0.0,-16.87,-10.0,-0.1859,-0.113,24.6,0,,
2013,7,00-0023968,Micheal Spurlock,WR,0.0,-16.87,-10.0,-0.1859,-0.113,24.6,0,,
2013,7,00-0026225,Craig Stevens,TE,0.0,-16.34,-9.3,-0.1804,-0.1053,24.6,0,,
2013,7,00-0023630,Joel Dreessen,TE,0.0,-16.34,-9.3,-0.1804,-0.1053,24.6,0,,
2013,7,00-0024345,Domenik Hixon,WR,0.0,-16.87,-10.0,-0.1859,-0.113,24.6,0,,
2013,7,00-0027109,James Casey,TE,0.0,-16.34,-9.3,-0.1804,-0.1053,24.6,0,,
2013,7,00-0029934,Rodney Smith,WR,0.0,-16.87,-10.0,-0.1859,-0.113,24.6,0,,
2013,7,00-0030550,Tracy Sanders,WR,0.0,-16.87,-10.0,-0.1859,-0.113,24.6,0,,
2013,7,00-0027950,Christian Ponder,QB,0.0,-18.32,-9.96,-0.2005,-0.1125,24.6,0,,
2013,7,00-0026996,Brandon Pettigrew,TE,11.2,-5.14,1.9,-0.0586,0.0217,24.6,1,,
2013,7,00-0029665,Robert Griffin,QB,25.32,7.0,15.36,0.0796,0.1704,24.6,1,,
2013,7,00-0026164,Christopher Johnson,RB,21.0,4.15,11.5,0.0474,0.1293,24.6,1,,
2013,7,00-0026019,Danny Woodhead,RB,17.6,0.75,8.1,0.0085,0.0919,24.6,1,,
2013,7,00-0022942,Philip Rivers,QB,15.8,-2.52,5.84,-0.0289,0.0666,24.6,1,,
2013,7,00-0027656,Robert Gronkowski,TE,23.4,7.06,14.1,0.0804,0.1572,24.6,1,,
2013,7,00-0026364,Steven Johnson,WR,12.1,-4.77,2.1,-0.0545,0.024,24.6,1,,
2013,7,00-0020337,Stevonne Smith,WR,17.9,1.03,7.9,0.0118,0.0897,24.6,1,,
2013,7,00-0026983,Darrius Heyward-Bey,WR,17.4,0.53,7.4,0.0061,0.0841,24.6,1,,
2013,7,00-0023367,Nathaniel Washington,WR,9.2,-7.67,-0.8,-0.0871,-0.0092,24.6,0,,
2013,7,00-0026163,Rashard Mendenhall,RB,8.2,-8.65,-1.3,-0.0981,-0.0149,24.6,0,,
2013,7,00-0027702,Michael Williams,WR,7.2,-9.67,-2.8,-0.1093,-0.032,24.6,0,,
2013,7,00-0024324,Jason Avant,WR,6.2,-10.67,-3.8,-0.1203,-0.0434,24.6,0,,
2013,7,00-0030431,Robert Woods,WR,5.4,-11.47,-4.6,-0.129,-0.0525,24.6,0,,
2013,7,00-0024243,Marcedes Lewis,TE,4.6,-11.74,-4.7,-0.1319,-0.0537,24.6,0,,
2013,7,00-0028016,Austin Pettis,WR,3.7,-13.17,-6.3,-0.1473,-0.0718,24.6,0,,
2013,7,00-0030287,Andre Ellington,RB,3.3,-13.55,-6.2,-0.1514,-0.0706,24.6,0,,
2013,7,00-0025439,Brian Leonard,RB,2.5,-14.35,-7.0,-0.1599,-0.0796,24.6,0,,
2013,7,00-0030274,Myles White,WR,1.9,-14.97,-8.1,-0.1663,-0.0919,24.6,0,,
2013,7,00-0023176,Joshua Cribbs,WR,1.4,-15.47,-8.6,-0.1715,-0.0975,24.6,0,,
2013,7,00-0030280,Knile Davis,RB,0.5,-16.35,-9.0,-0.1806,-0.1019,24.6,0,,
2013,7,00-0021999,Nathaniel Burleson,WR,0.0,-16.87,-10.0,-0.1859,-0.113,24.6,0,,
2013,7,00-0029601,Brandon Bostick,TE,0.0,-16.34,-9.3,-0.1804,-0.1053,24.6,0,,
2013,7,00-0028543,Jeffrey Maehl,WR,0.0,-16.87,-10.0,-0.1859,-0.113,24.6,0,,
2013,7,00-0028903,Garrett Celek,TE,0.0,-16.34,-9.3,-0.1804,-0.1053,24.6,0,,
2013,7,00-0029281,Adrien Robinson,TE,0.0,-16.34,-9.3,-0.1804,-0.1053,24.6,0,,
2013,7,00-0029175,Jacob Byrne,TE,0.0,-16.34,-9.3,-0.1804,-0.1053,24.6,0,,
2013,7,00-0030450,Quinton Patton,WR,0.0,-16.87,-10.0,-0.1859,-0.113,24.6,0,,
2013,7,00-0028093,Niles Paul,TE,0.0,-16.34,-9.3,-0.1804,-0.1053,24.6,0,,
2013,7,00-0023541,Kyle Orton,QB,0.0,-18.32,-9.96,-0.2005,-0.1125,24.6,0,,
2013,7,00-0026035,Daniel Amendola,WR,0.0,-16.87,-10.0,-0.1859,-0.113,24.6,0,,
2013,7,00-0029694,Michael Egnew,TE,0.0,-16.34,-9.3,-0.1804,-0.1053,24.6,0,,
2013,7,00-0027012,Brian Robiskie,WR,0.0,-16.87,-10.0,-0.1859,-0.113,24.6,0,,
2013,7,00-0023645,Derek Anderson,QB,0.0,-18.32,-9.96,-0.2005,-0.1125,24.6,0,,
2013,7,00-0028238,Konrad Reuland,TE,0.0,-16.34,-9.3,-0.1804,-0.1053,24.6,0,,
2013,7,00-0027793,Antonio Brown,WR,11.3,-5.57,1.3,-0.0635,0.0149,24.6,1,,
2013,7,00-0026143,Matthew Ryan,QB,21.72,3.4,11.76,0.0388,0.1322,24.6,1,,
2013,7,00-0030456,Giovani Bernard,RB,10.9,-5.95,1.4,-0.0679,0.016,24.6,1,,
2013,7,00-0028043,Roy Helu,RB,23.6,6.75,14.1,0.0768,0.1572,24.6,1,,
2013,7,00-0028986,Casey Keenum,QB,12.84,-5.48,2.88,-0.0625,0.0329,24.6,1,,
2013,7,00-0029697,Jacoby Fleener,TE,17.3,0.96,8.0,0.011,0.0908,24.6,1,,
2013,7,00-0029262,Rueben Randle,WR,13.0,-3.87,3.0,-0.0442,0.0343,24.6,1,,
2013,7,00-0029640,Brian Quick,WR,11.7,-5.17,1.7,-0.059,0.0195,24.6,1,,
2013,7,00-0030564,DeAndre Hopkins,WR,16.6,-0.27,6.6,-0.0031,0.0751,24.6,1,,
2013,7,00-0027996,James Smith,WR,9.1,-7.77,-0.9,-0.0883,-0.0103,24.6,0,,
2013,7,00-0026201,Martellus Bennett,TE,8.2,-8.14,-1.1,-0.0923,-0.0126,24.6,0,,
2013,7,00-0026780,Kevin Ogletree,WR,7.0,-9.87,-3.0,-0.1115,-0.0343,24.6,0,,
2013,7,00-0030400,Marlon Brown,WR,6.2,-10.67,-3.8,-0.1203,-0.0434,24.6,0,,
2013,7,00-0026210,Earl Bennett,WR,5.4,-11.47,-4.6,-0.129,-0.0525,24.6,0,,
2013,7,00-0027135,Brandon Myers,TE,4.5,-11.84,-4.8,-0.133,-0.0548,24.6,0,,
2013,7,00-0027985,Lance Kendricks,TE,3.7,-12.64,-5.6,-0.1416,-0.0639,24.6,0,,
2013,7,00-0029264,Bernard Pierce,RB,3.2,-13.65,-6.3,-0.1525,-0.0718,24.6,0,,
2013,7,00-0025549,Brent Celek,TE,2.4,-13.94,-6.9,-0.1554,-0.0785,24.6,0,,
2013,7,00-0027006,Kenneth Britt,WR,1.8,-15.07,-8.2,-0.1673,-0.093,24.6,0,,
2013,7,00-0025951,Darius Reynaud,RB,1.4,-15.45,-8.1,-0.1713,-0.0919,24.6,0,,
2013,7,00-0027325,LeGarrette Blount,RB,0.4,-16.45,-9.1,-0.1817,-0.103,24.6,0,,
2013,7,00-0030521,Justin Hunter,WR,0.0,-16.87,-10.0,-0.1859,-0.113,24.6,0,,
2013,7,00-0029091,Bradley Sowell,TE,0.0,-16.34,-9.3,-0.1804,-0.1053,24.6,0,,
2013,7,00-0030049,Christopher Gragg,TE,0.0,-16.34,-9.3,-0.1804,-0.1053,24.6,0,,
2013,7,00-0029682,Brock Osweiler,QB,0.0,-18.32,-9.96,-0.2005,-0.1125,24.6,0,,
2013,7,00-0029494,Joseph Anderson,WR,0.0,-16.87,-10.0,-0.1859,-0.113,24.6,0,,
2013,7,00-0030532,Stedman Bailey,WR,0.0,-16.87,-10.0,-0.1859,-0.113,24.6,0,,
2013,7,00-0030524,Matthew Jones,QB,0.0,-18.32,-9.96,-0.2005,-0.1125,24.6,0,,
2013,7,00-0028021,Jerrel Jernigan,WR,0.0,-16.87,-10.0,-0.1859,-0.113,24.6,0,,
2013,7,00-0027995,Mikel Leshoure,RB,0.0,-16.85,-9.5,-0.1857,-0.1075,24.6,0,,
2013,7,00-0026300,Joshua Johnson,QB,0.0,-18.32,-9.96,-0.2005,-0.1125,24.6,0,,
2013,7,00-0025542,Dante Rosario,TE,0.0,-16.34,-9.3,-0.1804,-0.1053,24.6,0,,
2013,7,00-0029587,Rhett Ellison,TE,0.0,-16.34,-9.3,-0.1804,-0.1053,24.6,0,,
2013,7,00-0030134,Michael Ford,RB,0.0,-16.85,-9.5,-0.1857,-0.1075,24.6,0,,
2013,7,00-0022847,Benjamin Hartsock,TE,0.0,-16.34,-9.3,-0.1804,-0.1053,24.6,0,,
2013,7,00-0027651,Dexter McCluster,WR,11.4,-5.47,1.4,-0.0624,0.016,24.6,1,,
2013,7,00-0023459,Aaron Rodgers,QB,23.6,5.28,13.64,0.0602,0.1523,24.6,1,,
2013,7,00-0026184,Matthew Forte,RB,30.9,14.05,21.4,0.1566,0.2305,24.6,1,,
2013,7,00-0027864,Ryan Mathews,RB,17.0,0.15,7.5,0.0017,0.0852,24.6,1,,
2013,7,00-0026197,Chad Henne,QB,11.22,-7.1,1.26,-0.0808,0.0144,24.6,1,,
2013,7,00-0024389,Hubert Walker,TE,15.7,-0.64,6.4,-0.0073,0.0729,24.6,1,,
2013,7,00-0026937,Brandon Gibson,WR,21.0,4.13,11.0,0.0472,0.1239,24.6,1,,
2013,7,00-0026176,Jordy Nelson,WR,15.2,-1.67,5.2,-0.0191,0.0593,24.6,1,,
2013,7,00-0029708,Kendall Wright,WR,18.8,1.93,8.8,0.0221,0.0997,24.6,1,,
2013,7,00-0028045,Kristopher Durham,WR,9.1,-7.77,-0.9,-0.0883,-0.0103,24.6,0,,
2013,7,00-0024267,Gregory Jennings,WR,8.1,-8.77,-1.9,-0.0994,-0.0217,24.6,0,,
2013,7,00-0029275,Ladarius Green,TE,7.0,-9.34,-2.3,-0.1056,-0.0263,24.6,0,,
2013,7,00-0006101,Anthony Gonzalez,TE,6.0,-10.34,-3.3,-0.1166,-0.0377,24.6,0,,
2013,7,00-0025396,Theodore Ginn,WR,5.4,-11.47,-4.6,-0.129,-0.0525,24.6,0,,
2013,7,00-0029910,Timothy Wright,TE,4.5,-11.84,-4.8,-0.133,-0.0548,24.6,0,,
2013,7,00-0027888,Tobinbo Gerhart,RB,3.7,-13.15,-5.8,-0.1471,-0.0661,24.6,0,,
2013,7,00-0029218,David Paulson,TE,3.2,-13.14,-6.1,-0.1469,-0.0695,24.6,0,,
2013,7,00-0026178,John Carlson,TE,2.4,-13.94,-6.9,-0.1554,-0.0785,24.6,0,,
2013,7,00-0029675,Trenton Richardson,RB,1.7,-15.15,-7.8,-0.1682,-0.0886,24.6,0,,
2013,7,00-0023437,Ronnie Brown,RB,1.4,-15.45,-8.1,-0.1713,-0.0919,24.6,0,,
2013,7,00-0029429,Bryce Brown,RB,0.4,-16.45,-9.1,-0.1817,-0.103,24.6,0,,
2013,7,00-0028034,Alexander Green,RB,0.0,-16.85,-9.5,-0.1857,-0.1075,24.6,0,,
2013,7,00-0027356,Marlon Moore,WR,0.0,-16.87,-10.0,-0.1859,-0.113,24.6,0,,
2013,7,00-0029234,Kellen Moore,QB,0.0,-18.32,-9.96,-0.2005,-0.1125,24.6,0,,
2013,7,00-0029999,Zachary Sudfeld,TE,0.0,-16.34,-9.3,-0.1804,-0.1053,24.6,0,,
2013,7,00-0028876,Collin Mooney,RB,0.0,-16.85,-9.5,-0.1857,-0.1075,24.6,0,,
2013,7,00-0020494,Santana Moss,WR,0.0,-16.87,-10.0,-0.1859,-0.113,24.6,0,,
2013,7,00-0023662,Matthew Cassel,QB,0.0,-18.32,-9.96,-0.2005,-0.1125,24.6,0,,
2013,7,00-0028863,Dominique Davis,QB,0.0,-18.32,-9.96,-0.2005,-0.1125,24.6,0,,
2013,7,00-0029634,James Hanna,TE,0.0,-16.34,-9.3,-0.1804,-0.1053,24.6,0,,
2013,7,00-0026281,Gary Barnidge,TE,0.0,-16.34,-9.3,-0.1804,-0.1053,24.6,0,,
2013,7,00-0029588,Daniel Herron,RB,0.0,-16.85,-9.5,-0.1857,-0.1075,24.6,0,,
2013,7,00-0030443,Levine Toilolo,TE,0.0,-16.34,-9.3,-0.1804,-0.1053,24.6,0,,
2013,7,00-0027349,Stephen Williams,WR,0.0,-16.87,-10.0,-0.1859,-0.113,24.6,0,,
2013,7,00-0029415,Keshawn Martin,WR,0.0,-16.87,-10.0,-0.1859,-0.113,24.6,0,,
2013,7,00-0025410,Dwayne Bowe,WR,11.6,-5.27,1.6,-0.0601,0.0183,24.6,1,,
2013,7,00-0030565,Eugene Smith,QB,18.52,0.2,8.56,0.0023,0.0971,24.6,1,,
2013,7,00-0030536,Zachary Stacy,RB,18.7,1.85,9.2,0.0211,0.1041,24.6,1,,
2013,7,00-0024217,Reginald Bush,RB,12.4,-4.45,2.9,-0.0509,0.0332,24.6,1,,
2013,7,00-0026158,Joseph Flacco,QB,14.0,-4.32,4.04,-0.0494,0.0462,24.6,1,,
2013,7,00-0024221,Vernon Davis,TE,12.2,-4.14,2.9,-0.0472,0.0332,24.6,1,,
2013,7,00-0029293,Marvin Jones,WR,15.7,-1.17,5.7,-0.0134,0.065,24.6,1,,
2013,7,00-0023496,Vincent Jackson,WR,34.8,17.93,24.8,0.1966,0.2617,24.6,1,,
2013,7,00-0028052,Cecil Shorts,WR,16.0,-0.87,6.0,-0.01,0.0684,24.6,1,,
2013,7,00-0027997,Gregory Little,WR,8.9,-7.97,-1.1,-0.0905,-0.0126,24.6,0,,
2013,7,00-0022811,Jerricho Cotchery,WR,8.1,-8.77,-1.9,-0.0994,-0.0217,24.6,0,,
2013,7,00-0027346,Alfonso Smith,RB,7.0,-9.85,-2.5,-0.1114,-0.0286,24.6,0,,
2013,7,00-0024272,Devin Hester,WR,6.0,-10.87,-4.0,-0.1225,-0.0457,24.6,0,,
2013,7,00-0027253,Thaddeus Lewis,QB,5.38,-12.94,-4.58,-0.1449,-0.0523,24.6,0,,
2013,7,00-0028958,Cory Harkey,TE,4.4,-11.94,-4.9,-0.1341,-0.0559,24.6,0,,
2013,7,00-0022921,Larry Fitzgerald,WR,3.7,-13.17,-6.3,-0.1473,-0.0718,24.6,0,,
2013,7,00-0026000,Davone Bess,WR,3.1,-13.77,-6.9,-0.1537,-0.0785,24.6,0,,
2013,7,00-0025860,BenJarvus Green-Ellis,RB,2.4,-14.45,-7.1,-0.1609,-0.0808,24.6,0,,
2013,7,00-0028352,Dane Sanzenbacher,WR,1.7,-15.17,-8.3,-0.1684,-0.0942,24.6,0,,
2013,7,00-0030047,Marquess Wilson,WR,1.3,-15.57,-8.7,-0.1725,-0.0986,24.6,0,,
2013,7,00-0027786,Jonathan Dwyer,RB,0.4,-16.45,-9.1,-0.1817,-0.103,24.6,0,,
2013,7,00-0022736,Steven Jackson,RB,0.0,-16.85,-9.5,-0.1857,-0.1075,24.6,0,,
2013,7,00-0026932,Cedric Peerman,RB,0.0,-16.85,-9.5,-0.1857,-0.1075,24.6,0,,
2013,7,00-0026644,Josh Vaughan,RB,0.0,-16.85,-9.5,-0.1857,-0.1075,24.6,0,,
2013,7,00-0030147,Russell Shepard,WR,0.0,-16.87,-10.0,-0.1859,-0.113,24.6,0,,
2013,7,00-0028453,Patrick Devlin,QB,0.0,-18.32,-9.96,-0.2005,-0.1125,24.6,0,,
2013,7,00-0025465,James Jones,WR,0.0,-16.87,-10.0,-0.1859,-0.113,24.6,0,,
2013,7,00-0028079,David Williams,TE,0.0,-16.34,-9.3,-0.1804,-0.1053,24.6,0,,
2013,7,00-0027708,Marcus Easley,WR,0.0,-16.87,-10.0,-0.1859,-0.113,24.6,0,,
2013,7,00-0027753,Andrew Quarless,TE,0.0,-16.34,-9.3,-0.1804,-0.1053,24.6,0,,
2013,7,00-0028237,Christopher Hogan,WR,0.0,-16.87,-10.0,-0.1859,-0.113,24.6,0,,
2013,7,00-0029580,Rishard Matthews,WR,0.0,-16.87,-10.0,-0.1859,-0.113,24.6,0,,
2013,7,00-0027775,Russell Smith,QB,0.0,-18.32,-9.96,-0.2005,-0.1125,24.6,0,,
2013,7,00-0029868,Skye Dawson,WR,0.0,-16.87,-10.0,-0.1859,-0.113,24.6,0,,
2013,7,00-0029878,MarQueis Gray,TE,-0.2,-16.54,-9.5,-0.1825,-0.1075,24.6,0,,
2013,8,00-0029129,Rod Streater,WR,8.5,-7.98,0.8,-0.0965,0.0098,23.1,1,,
2013,8,00-0029263,Russell Wilson,QB,15.16,-4.12,8.02,-0.0502,0.097,23.1,1,,
2013,8,00-0028000,Daniel Thomas,RB,12.2,-2.13,4.8,-0.026,0.0584,23.1,1,,
2013,8,00-0026988,Knowshon Moreno,RB,25.2,10.87,17.8,0.1304,0.2071,23.1,1,,
2013,8,00-0028064,Bilal Powell,RB,7.9,-6.43,0.5,-0.078,0.0061,23.1,1,,
2013,8,00-0027873,Jermaine Gresham,TE,10.4,-3.45,2.8,-0.042,0.0342,23.1,1,,
2013,8,00-0022921,Larry Fitzgerald,WR,14.8,-1.68,7.1,-0.0205,0.0861,23.1,1,,
2013,8,00-0029051,Jarrett Boykin,WR,13.9,-2.58,6.2,-0.0315,0.0753,23.1,1,,
2013,8,00-0027651,Dexter McCluster,WR,20.2,3.72,12.5,0.0454,0.149,23.1,1,,
2013,8,00-0027156,Tiquan Underwood,WR,7.7,-8.78,0.0,-0.106,0.0,23.1,1,,
2013,8,00-0023465,Earl Miller,TE,6.4,-7.45,-1.2,-0.0902,-0.0147,23.1,0,,
2013,8,00-0030549,Tyler Eifert,TE,5.3,-8.55,-2.3,-0.1032,-0.0281,23.1,0,,
2013,8,00-0024268,Anthony Fasano,TE,4.4,-9.45,-3.2,-0.1138,-0.039,23.1,0,,
2013,8,00-0029660,Trevor Graham,WR,3.9,-12.58,-3.8,-0.1499,-0.0463,23.1,0,,
2013,8,00-0025860,BenJarvus Green-Ellis,RB,3.3,-11.03,-4.1,-0.1322,-0.05,23.1,0,,
2013,8,00-0027583,Richard Brockel,TE,2.7,-11.15,-4.9,-0.1336,-0.0596,23.1,0,,
2013,8,00-0029854,Cortrelle Anderson,RB,2.2,-12.13,-5.2,-0.1448,-0.0633,23.1,0,,
2013,8,00-0029209,Ryan Broyles,WR,1.8,-14.68,-5.9,-0.1734,-0.0717,23.1,0,,
2013,8,00-0027531,Christopher Ivory,RB,1.1,-13.23,-6.3,-0.1573,-0.0765,23.1,0,,
2013,8,00-0028079,David Williams,TE,0.0,-13.85,-7.6,-0.1642,-0.092,23.1,0,,
2013,8,00-0030078,Johnathan Franklin,RB,0.0,-14.33,-7.4,-0.1696,-0.0896,23.1,0,,
2013,8,00-0029091,Bradley Sowell,TE,0.0,-13.85,-7.6,-0.1642,-0.092,23.1,0,,
2013,8,00-0026293,Matthew Slater,WR,0.0,-16.48,-7.7,-0.1931,-0.0932,23.1,0,,
2013,8,00-0027995,Mikel Leshoure,RB,0.0,-14.33,-7.4,-0.1696,-0.0896,23.1,0,,
2013,8,00-0026931,McKenna Pascoe,TE,0.0,-13.85,-7.6,-0.1642,-0.092,23.1,0,,
2013,8,00-0030288,Michael Burkhead,RB,0.0,-14.33,-7.4,-0.1696,-0.0896,23.1,0,,
2013,8,00-0027069,Chase Coffman,TE,0.0,-13.85,-7.6,-0.1642,-0.092,23.1,0,,
2013,8,00-0030394,Zac Dysert,QB,0.0,-19.28,-7.14,-0.2225,-0.0865,23.1,0,,
2013,8,00-0027796,Joseph Webb,QB,0.0,-19.28,-7.14,-0.2225,-0.0865,23.1,0,,
2013,8,00-0028841,William Johnson,RB,0.0,-14.33,-7.4,-0.1696,-0.0896,23.1,0,,
2013,8,00-0026349,Matthew Flynn,QB,0.0,-19.28,-7.14,-0.2225,-0.0865,23.1,0,,
2013,8,00-0022847,Benjamin Hartsock,TE,0.0,-13.85,-7.6,-0.1642,-0.092,23.1,0,,
2013,8,00-0030391,Michael James,RB,10.4,-3.93,3.0,-0.0479,0.0366,23.1,1,,
2013,8,00-0023459,Aaron Rodgers,QB,22.5,3.22,15.36,0.0393,0.1809,23.1,1,,
2013,8,00-0029615,Lamar Miller,RB,14.2,-0.13,6.8,-0.0016,0.0825,23.1,1,,
2013,8,00-0026213,Jamaal Charles,RB,17.0,2.67,9.6,0.0326,0.1156,23.1,1,,
2013,8,00-0027077,Brian Hartline,WR,7.7,-8.78,0.0,-0.106,0.0,23.1,1,,
2013,8,00-0022943,Benjamin Watson,TE,9.0,-4.85,1.4,-0.059,0.0171,23.1,1,,
2013,8,00-0027874,Demaryius Thomas,WR,20.5,4.02,12.8,0.049,0.1524,23.1,1,,
2013,8,00-0029614,Christopher Givens,WR,11.5,-4.98,3.8,-0.0606,0.0463,23.1,1,,
2013,8,00-0028045,Kristopher Durham,WR,9.4,-7.08,1.7,-0.0858,0.0208,23.1,1,,
2013,8,00-0026996,Brandon Pettigrew,TE,7.6,-6.25,0.0,-0.0758,0.0,23.1,0,,
2013,8,00-0028995,Stephen Hill,WR,6.3,-10.18,-1.4,-0.1224,-0.0171,23.1,0,,
2013,8,00-0027985,Lance Kendricks,TE,5.3,-8.55,-2.3,-0.1032,-0.0281,23.1,0,,
2013,8,00-0025425,Zachary Miller,TE,4.4,-9.45,-3.2,-0.1138,-0.039,23.1,0,,
2013,8,00-0030282,Stepfan Taylor,RB,3.8,-10.53,-3.6,-0.1264,-0.0439,23.1,0,,
2013,8,00-0028581,Patrick DiMarco,RB,3.3,-11.03,-4.1,-0.1322,-0.05,23.1,0,,
2013,8,00-0027109,James Casey,TE,2.6,-11.25,-5.0,-0.1347,-0.0608,23.1,0,,
2013,8,00-0028434,Douglas Baldwin,WR,2.2,-14.28,-5.5,-0.169,-0.0669,23.1,0,,
2013,8,00-0025410,Dwayne Bowe,WR,1.7,-14.78,-6.0,-0.1746,-0.0729,23.1,0,,
2013,8,00-0029429,Bryce Brown,RB,1.1,-13.23,-6.3,-0.1573,-0.0765,23.1,0,,
2013,8,00-0029883,Joseph Fauria,TE,0.0,-13.85,-7.6,-0.1642,-0.092,23.1,0,,
2013,8,00-0029441,Jeremy Stewart,RB,0.0,-14.33,-7.4,-0.1696,-0.0896,23.1,0,,
2013,8,00-0027356,Marlon Moore,WR,0.0,-16.48,-7.7,-0.1931,-0.0932,23.1,0,,
2013,8,00-0028119,Richard Gordon,TE,0.0,-13.85,-7.6,-0.1642,-0.092,23.1,0,,
2013,8,00-0026298,Kellen Davis,TE,0.0,-13.85,-7.6,-0.1642,-0.092,23.1,0,,
2013,8,00-0026644,Josh Vaughan,RB,0.0,-14.33,-7.4,-0.1696,-0.0896,23.1,0,,
2013,8,00-0030586,Ryan Nassib,QB,0.0,-19.28,-7.14,-0.2225,-0.0865,23.1,0,,
2013,8,00-0028050,Gregory Salas,WR,0.0,-16.48,-7.7,-0.1931,-0.0932,23.1,0,,
2013,8,00-0030089,Luke Willson,TE,0.0,-13.85,-7.6,-0.1642,-0.092,23.1,0,,
2013,8,00-0028453,Patrick Devlin,QB,0.0,-19.28,-7.14,-0.2225,-0.0865,23.1,0,,
2013,8,00-0030077,Christopher Harper,WR,0.0,-16.48,-7.7,-0.1931,-0.0932,23.1,0,,
2013,8,00-0023506,Edwin Smith,TE,0.0,-13.85,-7.6,-0.1642,-0.092,23.1,0,,
2013,8,00-0030450,Quinton Patton,WR,0.0,-16.48,-7.7,-0.1931,-0.0932,23.1,0,,
2013,8,00-0024324,Jason Avant,WR,8.4,-8.08,0.7,-0.0977,0.0086,23.1,1,,
2013,8,00-0023460,Jason Campbell,QB,21.42,2.14,14.28,0.0261,0.169,23.1,1,,
2013,8,00-0030578,Cordarrelle Patterson,RB,10.6,-3.73,3.2,-0.0455,0.039,23.1,1,,
2013,8,00-0029141,Alfred Morris,RB,14.3,-0.03,6.9,-0.0004,0.0837,23.1,1,,
2013,8,00-0021429,Carson Palmer,QB,13.78,-5.5,6.64,-0.0669,0.0806,23.1,1,,
2013,8,00-0030472,Jordan Reed,TE,21.0,7.15,13.4,0.0867,0.1592,23.1,1,,
2013,8,00-0025389,Calvin Johnson,WR,50.9,34.42,43.2,0.3541,0.407,23.1,1,,
2013,8,00-0027902,Desmond Bryant,WR,22.3,5.82,14.6,0.0707,0.1726,23.1,1,,
2013,8,00-0027005,Hakeem Nicks,WR,12.1,-4.38,4.4,-0.0533,0.0536,23.1,1,,
2013,8,00-0027061,Jared Cook,TE,7.6,-6.25,0.0,-0.0758,0.0,23.1,0,,
2013,8,00-0029580,Rishard Matthews,WR,6.0,-10.48,-1.7,-0.1258,-0.0208,23.1,0,,
2013,8,00-0028086,Denarius Moore,WR,5.2,-11.28,-2.5,-0.1351,-0.0305,23.1,0,,
2013,8,00-0022736,Steven Jackson,RB,4.3,-10.03,-3.1,-0.1206,-0.0378,23.1,0,,
2013,8,00-0028352,Dane Sanzenbacher,WR,3.8,-12.68,-3.9,-0.1511,-0.0475,23.1,0,,
2013,8,00-0027758,Riley Cooper,WR,3.3,-13.18,-4.4,-0.1567,-0.0536,23.1,0,,
2013,8,00-0029694,Michael Egnew,TE,2.6,-11.25,-5.0,-0.1347,-0.0608,23.1,0,,
2013,8,00-0030550,Tracy Sanders,WR,2.1,-14.38,-5.6,-0.1701,-0.0681,23.1,0,,
2013,8,00-0030431,Robert Woods,WR,1.7,-14.78,-6.0,-0.1746,-0.0729,23.1,0,,
2013,8,00-0030348,Khiry Robinson,RB,0.9,-13.43,-6.5,-0.1595,-0.0789,23.1,0,,
2013,8,00-0027057,Brandon Tate,WR,0.0,-16.48,-7.7,-0.1931,-0.0932,23.1,0,,
2013,8,00-0030526,Erik Manuel,QB,0.0,-19.28,-7.14,-0.2225,-0.0865,23.1,0,,
2013,8,00-0028093,Niles Paul,TE,0.0,-13.85,-7.6,-0.1642,-0.092,23.1,0,,
2013,8,00-0029667,Nicholas Toon,WR,0.0,-16.48,-7.7,-0.1931,-0.0932,23.1,0,,
2013,8,00-0027825,James Dray,TE,0.0,-13.85,-7.6,-0.1642,-0.092,23.1,0,,
2013,8,00-0029654,Alfred Jenkins,WR,0.0,-16.48,-7.7,-0.1931,-0.0932,23.1,0,,
2013,8,00-0028903,Garrett Celek,TE,0.0,-13.85,-7.6,-0.1642,-0.092,23.1,0,,
2013,8,00-0029384,Bobby Rainey,RB,0.0,-14.33,-7.4,-0.1696,-0.0896,23.1,0,,
2013,8,00-0028012,Ryan Mallett,QB,0.0,-19.28,-7.14,-0.2225,-0.0865,23.1,0,,
2013,8,00-0021231,David Garrard,QB,0.0,-19.28,-7.14,-0.2225,-0.0865,23.1,0,,
2013,8,00-0028063,Taiwan Jones,RB,0.0,-14.33,-7.4,-0.1696,-0.0896,23.1,0,,
2013,8,00-0028114,Dwayne Harris,WR,0.0,-16.48,-7.7,-0.1931,-0.0932,23.1,0,,
2013,8,00-0030524,Matthew Jones,QB,0.0,-19.28,-7.14,-0.2225,-0.0865,23.1,0,,
2013,8,00-0027135,Brandon Myers,TE,8.7,-5.15,1.1,-0.0626,0.0134,23.1,1,,
2013,8,00-0027939,Cameron Newton,QB,27.84,8.56,20.7,0.1034,0.2369,23.1,1,,
2013,8,00-0024275,Maurice Jones-Drew,RB,18.2,3.87,10.8,0.0472,0.1296,23.1,1,,
2013,8,00-0030485,Eddie Lacy,RB,21.2,6.87,13.8,0.0833,0.1637,23.1,1,,
2013,8,00-0029701,Ryan Tannehill,QB,10.88,-8.4,3.74,-0.1015,0.0456,23.1,1,,
2013,8,00-0024221,Vernon Davis,TE,15.7,1.85,8.1,0.0226,0.0979,23.1,1,,
2013,8,00-0030068,Marquise Goodwin,WR,8.6,-7.88,0.9,-0.0953,0.011,23.1,1,,
2013,8,00-0022084,Anquan Boldin,WR,9.6,-6.88,1.9,-0.0834,0.0232,23.1,1,,
2013,8,00-0029293,Marvin Jones,WR,44.2,27.72,36.5,0.302,0.3681,23.1,1,,
2013,8,00-0026937,Brandon Gibson,WR,7.4,-9.08,-0.3,-0.1095,-0.0037,23.1,0,,
2013,8,00-0028021,Jerrel Jernigan,WR,5.9,-10.58,-1.8,-0.127,-0.022,23.1,0,,
2013,8,00-0030443,Levine Toilolo,TE,5.1,-8.75,-2.5,-0.1056,-0.0305,23.1,0,,
2013,8,00-0027753,Andrew Quarless,TE,4.3,-9.55,-3.3,-0.115,-0.0402,23.1,0,,
2013,8,00-0028034,Alexander Green,RB,3.7,-10.63,-3.7,-0.1276,-0.0451,23.1,0,,
2013,8,00-0030565,Eugene Smith,QB,3.16,-16.12,-3.98,-0.1892,-0.0485,23.1,0,,
2013,8,00-0025414,Robert Meachem,WR,2.5,-13.98,-5.2,-0.1657,-0.0633,23.1,0,,
2013,8,00-0030061,Zachary Ertz,TE,2.0,-11.85,-5.6,-0.1416,-0.0681,23.1,0,,
2013,8,00-0028249,Jeremy Ross,WR,1.7,-14.78,-6.0,-0.1746,-0.0729,23.1,0,,
2013,8,00-0027786,Jonathan Dwyer,RB,0.9,-13.43,-6.5,-0.1595,-0.0789,23.1,0,,
2013,8,00-0030432,Christine Michael,RB,0.0,-14.33,-7.4,-0.1696,-0.0896,23.1,0,,
2013,8,00-0027089,Louis Murphy,WR,0.0,-16.48,-7.7,-0.1931,-0.0932,23.1,0,,
2013,8,00-0028009,DeMarco Murray,RB,0.0,-14.33,-7.4,-0.1696,-0.0896,23.1,0,,
2013,8,00-0028116,Aldrick Robinson,WR,0.0,-16.48,-7.7,-0.1931,-0.0932,23.1,0,,
2013,8,00-0030300,Jaron Brown,WR,0.0,-16.48,-7.7,-0.1931,-0.0932,23.1,0,,
2013,8,00-0026544,William Daniel,QB,0.0,-19.28,-7.14,-0.2225,-0.0865,23.1,0,,
2013,8,00-0029682,Brock Osweiler,QB,0.0,-19.28,-7.14,-0.2225,-0.0865,23.1,0,,
2013,8,00-0028156,Ryan Taylor,TE,0.0,-13.85,-7.6,-0.1642,-0.092,23.1,0,,
2013,8,00-0027966,Mark Ingram,RB,0.0,-14.33,-7.4,-0.1696,-0.0896,23.1,0,,
2013,8,00-0027732,Michael Hoomanawanui,TE,0.0,-13.85,-7.6,-0.1642,-0.092,23.1,0,,
2013,8,00-0029572,Jarius Wright,WR,0.0,-16.48,-7.7,-0.1931,-0.0932,23.1,0,,
2013,8,00-0028353,Andre Smith,TE,0.0,-13.85,-7.6,-0.1642,-0.092,23.1,0,,
2013,8,00-0026577,Marcus Thigpen,WR,-0.1,-16.58,-7.8,-0.1941,-0.0944,23.1,0,,
2013,8,00-0028053,Kendall Hunter,RB,8.4,-5.93,1.0,-0.072,0.0122,23.1,1,,
2013,8,00-0027974,Colin Kaepernick,QB,27.96,8.68,20.82,0.1048,0.2381,23.1,1,,
2013,8,00-0029239,Brandon Bolden,RB,10.9,-3.43,3.5,-0.0418,0.0427,23.1,1,,
2013,8,00-0027888,Tobinbo Gerhart,RB,10.8,-3.53,3.4,-0.043,0.0415,23.1,1,,
2013,8,00-0026901,Burnell Wallace,WR,7.9,-8.58,0.2,-0.1036,0.0024,23.1,1,,
2013,8,00-0027696,Jimmy Graham,TE,20.2,6.35,12.6,0.0771,0.1502,23.1,1,,
2013,8,00-0029638,Michael Floyd,WR,12.0,-4.48,4.3,-0.0545,0.0524,23.1,1,,
2013,8,00-0023496,Vincent Jackson,WR,12.9,-3.58,5.2,-0.0436,0.0633,23.1,1,,
2013,8,00-0027793,Antonio Brown,WR,17.4,0.92,9.7,0.0113,0.1168,23.1,1,,
2013,8,00-0028067,Julius Thomas,TE,7.4,-6.45,-0.2,-0.0782,-0.0024,23.1,0,,
2013,8,00-0027140,Christopher Ogbonnaya,RB,5.7,-8.63,-1.7,-0.1042,-0.0208,23.1,0,,
2013,8,00-0027702,Michael Williams,WR,5.0,-11.48,-2.7,-0.1374,-0.0329,23.1,0,,
2013,8,00-0029634,James Hanna,TE,4.2,-9.65,-3.4,-0.1161,-0.0415,23.1,0,,
2013,8,00-0030456,Giovani Bernard,RB,3.7,-10.63,-3.7,-0.1276,-0.0451,23.1,0,,
2013,8,00-0029273,Robert Turbin,RB,3.1,-11.23,-4.3,-0.1345,-0.0524,23.1,0,,
2013,8,00-0024264,Kellen Clemens,QB,2.42,-16.86,-4.72,-0.1972,-0.0575,23.1,0,,
2013,8,00-0029878,MarQueis Gray,TE,2.0,-11.85,-5.6,-0.1416,-0.0681,23.1,0,,
2013,8,00-0029435,Damaris Johnson,WR,1.6,-14.88,-6.1,-0.1757,-0.0741,23.1,0,,
2013,8,00-0029000,Cole Beasley,WR,0.8,-15.68,-6.9,-0.1844,-0.0837,23.1,0,,
2013,8,00-0022121,Rex Grossman,QB,0.0,-19.28,-7.14,-0.2225,-0.0865,23.1,0,,
2013,8,00-0021570,Kassim Osgood,WR,0.0,-16.48,-7.7,-0.1931,-0.0932,23.1,0,,
2013,8,00-0028863,Dominique Davis,QB,0.0,-19.28,-7.14,-0.2225,-0.0865,23.1,0,,
2013,8,00-0029793,Brandon Williams,TE,0.0,-13.85,-7.6,-0.1642,-0.092,23.1,0,,
2013,8,00-0030049,Christopher Gragg,TE,0.0,-13.85,-7.6,-0.1642,-0.092,23.1,0,,
2013,8,00-0029564,Bryan Cunningham,WR,0.0,-16.48,-7.7,-0.1931,-0.0932,23.1,0,,
2013,8,00-0028073,Richard Stanzi,QB,0.0,-19.28,-7.14,-0.2225,-0.0865,23.1,0,,
2013,8,00-0029298,Cyrus Gray,RB,0.0,-14.33,-7.4,-0.1696,-0.0896,23.1,0,,
2013,8,00-0027346,Alfonso Smith,RB,0.0,-14.33,-7.4,-0.1696,-0.0896,23.1,0,,
2013,8,00-0030024,Jeffrey Tuel,QB,0.0,-19.28,-7.14,-0.2225,-0.0865,23.1,0,,
2013,8,00-0030532,Stedman Bailey,WR,0.0,-16.48,-7.7,-0.1931,-0.0932,23.1,0,,
2013,8,00-0030151,Tyler Bray,QB,0.0,-19.28,-7.14,-0.2225,-0.0865,23.1,0,,
2013,8,00-0027709,Jacoby Ford,WR,-1.3,-17.78,-9.0,-0.2069,-0.1086,23.1,0,,
2013,8,00-0027690,Eric Decker,WR,8.2,-8.28,0.5,-0.1001,0.0061,23.1,1,,
2013,8,00-0027973,Andrew Dalton,QB,31.0,11.72,23.86,0.1401,0.2675,23.1,1,,
2013,8,00-0027218,Joique Bell,RB,12.4,-1.93,5.0,-0.0236,0.0608,23.1,1,,
2013,8,00-0024813,Charles Thomas,RB,12.4,-1.93,5.0,-0.0236,0.0608,23.1,1,,
2013,8,00-0026197,Chad Henne,QB,13.22,-6.06,6.08,-0.0736,0.0738,23.1,1,,
2013,8,00-0028112,Charles Clay,TE,11.3,-2.55,3.7,-0.0311,0.0451,23.1,1,,
2013,8,00-0030540,Aaron Dobson,WR,16.0,-0.48,8.3,-0.0058,0.1003,23.1,1,,
2013,8,00-0027942,Adriel Green,WR,14.5,-1.98,6.8,-0.0242,0.0825,23.1,1,,
2013,8,00-0030085,Kenneth Stills,WR,28.3,11.82,20.6,0.1413,0.2359,23.1,1,,
2013,8,00-0030388,Joseph Randle,RB,7.4,-6.93,0.0,-0.084,0.0,23.1,0,,
2013,8,00-0026000,Davone Bess,WR,5.7,-10.78,-2.0,-0.1293,-0.0244,23.1,0,,
2013,8,00-0022178,Willis McGahee,RB,4.8,-9.53,-2.6,-0.1148,-0.0317,23.1,0,,
2013,8,00-0029151,Matthew Simms,QB,4.18,-15.1,-2.96,-0.1781,-0.0361,23.1,0,,
2013,8,00-0025399,Marshawn Lynch,RB,3.7,-10.63,-3.7,-0.1276,-0.0451,23.1,0,,
2013,8,00-0026267,Jacob Tamme,TE,3.0,-10.85,-4.6,-0.1301,-0.056,23.1,0,,
2013,8,00-0027445,Jeron Mastrud,TE,2.4,-11.45,-5.2,-0.137,-0.0633,23.1,0,,
2013,8,00-0030422,Dion Sims,TE,1.9,-11.95,-5.7,-0.1427,-0.0693,23.1,0,,
2013,8,00-0029004,Lance Dunbar,RB,1.6,-12.73,-5.8,-0.1516,-0.0705,23.1,0,,
2013,8,00-0027155,Rashad Jennings,RB,0.8,-13.53,-6.6,-0.1607,-0.0801,23.1,0,,
2013,8,00-0027188,Chandler Hall,WR,0.0,-16.48,-7.7,-0.1931,-0.0932,23.1,0,,
2013,8,00-0022864,Luke McCown,QB,0.0,-19.28,-7.14,-0.2225,-0.0865,23.1,0,,
2013,8,00-0029311,Kenneth Hemingway,WR,0.0,-16.48,-7.7,-0.1931,-0.0932,23.1,0,,
2013,8,00-0026855,Antone Smith,RB,0.0,-14.33,-7.4,-0.1696,-0.0896,23.1,0,,
2013,8,00-0029234,Kellen Moore,QB,0.0,-19.28,-7.14,-0.2225,-0.0865,23.1,0,,
2013,8,00-0028651,Michael McNeill,TE,0.0,-13.85,-7.6,-0.1642,-0.092,23.1,0,,
2013,8,00-0027948,Blaine Gabbert,QB,0.0,-19.28,-7.14,-0.2225,-0.0865,23.1,0,,
2013,8,00-0026008,Matthew Mulligan,TE,0.0,-13.85,-7.6,-0.1642,-0.092,23.1,0,,
2013,8,00-0027964,Jonathan Baldwin,WR,0.0,-16.48,-7.7,-0.1931,-0.0932,23.1,0,,
2013,8,00-0030000,Kenbrell Thompkins,WR,0.0,-16.48,-7.7,-0.1931,-0.0932,23.1,0,,
2013,8,00-0028984,Brian Tyms,WR,0.0,-16.48,-7.7,-0.1931,-0.0932,23.1,0,,
2013,8,00-0030150,Matthew Tucker,RB,0.0,-14.33,-7.4,-0.1696,-0.0896,23.1,0,,
2013,8,00-0020245,Michael Vick,QB,-1.7,-20.98,-8.84,-0.2397,-0.1067,23.1,0,,
2013,8,00-0027029,LeSean McCoy,RB,10.5,-3.83,3.1,-0.0467,0.0378,23.1,1,,
2013,8,00-0027950,Christian Ponder,QB,15.6,-3.68,8.46,-0.0449,0.1022,23.1,1,,
2013,8,00-0030287,Andre Ellington,RB,23.2,8.87,15.8,0.107,0.1857,23.1,1,,
2013,8,00-0030496,Le'Veon Bell,RB,16.1,1.77,8.7,0.0216,0.105,23.1,1,,
2013,8,00-0026143,Matthew Ryan,QB,9.34,-9.94,2.2,-0.1196,0.0269,23.1,1,,
2013,8,00-0025516,William Chandler,TE,17.7,3.85,10.1,0.047,0.1214,23.1,1,,
2013,8,00-0026364,Steven Johnson,WR,20.2,3.72,12.5,0.0454,0.149,23.1,1,,
2013,8,00-0028307,Andrew Davis,WR,18.7,2.22,11.0,0.0271,0.1319,23.1,1,,
2013,8,00-0026189,DeSean Jackson,WR,13.3,-3.18,5.6,-0.0388,0.0681,23.1,1,,
2013,8,00-0019596,Thomas Brady,QB,7.14,-12.14,0.0,-0.145,0.0,23.1,0,,
2013,8,00-0027656,Robert Gronkowski,TE,5.7,-8.15,-1.9,-0.0985,-0.0232,23.1,0,,
2013,8,00-0024466,Marques Colston,WR,4.8,-11.68,-2.9,-0.1397,-0.0354,23.1,0,,
2013,8,00-0023564,Darren Sproles,RB,4.0,-10.33,-3.4,-0.1241,-0.0415,23.1,0,,
2013,8,00-0026373,Justin Forsett,RB,3.6,-10.73,-3.8,-0.1287,-0.0463,23.1,0,,
2013,8,00-0029665,Robert Griffin,QB,2.98,-16.3,-4.16,-0.1912,-0.0507,23.1,0,,
2013,8,00-0027321,Jeffrey Cumberland,TE,2.4,-11.45,-5.2,-0.137,-0.0633,23.1,0,,
2013,8,00-0024267,Gregory Jennings,WR,1.9,-14.58,-5.8,-0.1723,-0.0705,23.1,0,,
2013,8,00-0026878,Tom Crabtree,TE,1.5,-12.35,-6.1,-0.1473,-0.0741,23.1,0,,
2013,8,00-0027606,Trindon Holliday,WR,0.7,-15.78,-7.0,-0.1855,-0.0849,23.1,0,,
2013,8,00-0030516,Brice Butler,WR,0.0,-16.48,-7.7,-0.1931,-0.0932,23.1,0,,
2013,8,00-0023176,Joshua Cribbs,WR,0.0,-16.48,-7.7,-0.1931,-0.0932,23.1,0,,
2013,8,00-0027708,Marcus Easley,WR,0.0,-16.48,-7.7,-0.1931,-0.0932,23.1,0,,
2013,8,00-0028958,Cory Harkey,TE,0.0,-13.85,-7.6,-0.1642,-0.092,23.1,0,,
2013,8,00-0029414,Orson Charles,TE,0.0,-13.85,-7.6,-0.1642,-0.092,23.1,0,,
2013,8,00-0028097,Joseph Smith,TE,0.0,-13.85,-7.6,-0.1642,-0.092,23.1,0,,
2013,8,00-0028115,Evan Royster,RB,0.0,-14.33,-7.4,-0.1696,-0.0896,23.1,0,,
2013,8,00-0029260,LaMichael James,RB,0.0,-14.33,-7.4,-0.1696,-0.0896,23.1,0,,
2013,8,00-0030470,Vance McDonald,TE,0.0,-13.85,-7.6,-0.1642,-0.092,23.1,0,,
2013,8,00-0026188,Frederick Davis,TE,0.0,-13.85,-7.6,-0.1642,-0.092,23.1,0,,
2013,8,00-0027134,Curtis Painter,QB,0.0,-19.28,-7.14,-0.2225,-0.0865,23.1,0,,
2013,8,00-0023578,Daniel Orlovsky,QB,0.0,-19.28,-7.14,-0.2225,-0.0865,23.1,0,,
2013,8,00-0029604,Kirk Cousins,QB,-1.98,-21.26,-9.12,-0.2425,-0.11,23.1,0,,
2013,8,00-0025439,Brian Leonard,RB,9.9,-4.43,2.5,-0.0539,0.0305,23.1,1,,
2013,8,00-0023436,Alexander Smith,QB,21.0,1.72,13.86,0.021,0.1644,23.1,1,,
2013,8,00-0028011,Stevan Ridley,RB,13.9,-0.43,6.5,-0.0052,0.0789,23.1,1,,
2013,8,00-0030536,Zachary Stacy,RB,13.9,-0.43,6.5,-0.0052,0.0789,23.1,1,,
2013,8,00-0028017,Leonard Hankerson,WR,7.7,-8.78,0.0,-0.106,0.0,23.1,0,,
2013,8,00-0029910,Timothy Wright,TE,18.3,4.45,10.7,0.0542,0.1284,23.1,1,,
2013,8,00-0027685,Emmanuel Sanders,WR,23.8,7.32,16.1,0.0887,0.189,23.1,1,,
2013,8,00-0026224,Harry Douglas,WR,24.1,7.62,16.4,0.0923,0.1922,23.1,1,,
2013,8,00-0027322,David Nelson,WR,16.0,-0.48,8.3,-0.0058,0.1003,23.1,1,,
2013,8,00-0006101,Anthony Gonzalez,TE,7.1,-6.75,-0.5,-0.0818,-0.0061,23.1,0,,
2013,8,00-0029612,Daryl Richardson,RB,5.7,-8.63,-1.7,-0.1042,-0.0208,23.1,0,,
2013,8,00-0030216,Joshua Hill,TE,4.7,-9.15,-2.9,-0.1103,-0.0354,23.1,0,,
2013,8,00-0030128,Michael Cox,RB,4.0,-10.33,-3.4,-0.1241,-0.0415,23.1,0,,
2013,8,00-0026262,Tashard Choice,RB,3.5,-10.83,-3.9,-0.1299,-0.0475,23.1,0,,
2013,8,00-0030525,Tavon Austin,WR,2.9,-13.58,-4.8,-0.1612,-0.0584,23.1,0,,
2013,8,00-0030107,Theodore Riddick,RB,2.4,-11.93,-5.0,-0.1425,-0.0608,23.1,0,,
2013,8,00-0029868,Skye Dawson,WR,1.9,-14.58,-5.8,-0.1723,-0.0705,23.1,0,,
2013,8,00-0030547,Denard Robinson,RB,1.5,-12.83,-5.9,-0.1528,-0.0717,23.1,0,,
2013,8,00-0026300,Joshua Johnson,QB,0.7,-18.58,-6.44,-0.2153,-0.0782,23.1,0,,
2013,8,00-0030544,Gavin Escobar,TE,0.0,-13.85,-7.6,-0.1642,-0.092,23.1,0,,
2013,8,00-0028792,Kevin Cone,WR,0.0,-16.48,-7.7,-0.1931,-0.0932,23.1,0,,
2013,8,00-0029424,Marvin McNutt,WR,0.0,-16.48,-7.7,-0.1931,-0.0932,23.1,0,,
2013,8,00-0029492,Jamize Olawale,RB,0.0,-14.33,-7.4,-0.1696,-0.0896,23.1,0,,
2013,8,00-0029791,Ronnie Wingo,RB,0.0,-14.33,-7.4,-0.1696,-0.0896,23.1,0,,
2013,8,00-0029567,Nicholas Foles,QB,0.0,-19.28,-7.14,-0.2225,-0.0865,23.1,0,,
2013,8,00-0030272,Jacob Stoneburner,TE,0.0,-13.85,-7.6,-0.1642,-0.092,23.1,0,,
2013,8,00-0027595,Bryan Walters,WR,0.0,-16.48,-7.7,-0.1931,-0.0932,23.1,0,,
2013,8,00-0027861,Clifford Spiller,RB,0.0,-14.33,-7.4,-0.1696,-0.0896,23.1,0,,
2013,8,00-0029269,Travis Benjamin,WR,0.0,-16.48,-7.7,-0.1931,-0.0932,23.1,0,,
2013,8,00-0025465,James Jones,WR,0.0,-16.48,-7.7,-0.1931,-0.0932,23.1,0,,
2013,8,00-0028293,Michael Campbell,WR,0.0,-16.48,-7.7,-0.1931,-0.0932,23.1,0,,
2013,8,00-0030522,Montee Ball,RB,9.8,-4.53,2.4,-0.0551,0.0293,23.1,1,,
2013,8,00-0021678,Antonio Romo,QB,20.84,1.56,13.7,0.019,0.1626,23.1,1,,
2013,8,00-0024242,DeAngelo Williams,RB,12.1,-2.23,4.7,-0.0272,0.0572,23.1,1,,
2013,8,00-0026144,Darren McFadden,RB,21.8,7.47,14.4,0.0905,0.1704,23.1,1,,
2013,8,00-0029778,Darius Johnson,WR,8.0,-8.48,0.3,-0.1024,0.0037,23.1,1,,
2013,8,00-0027981,Kyle Rudolph,TE,11.1,-2.75,3.5,-0.0335,0.0427,23.1,1,,
2013,8,00-0026176,Jordy Nelson,WR,31.3,14.82,23.6,0.175,0.265,23.1,1,,
2013,8,00-0029664,Joshua Gordon,WR,24.2,7.72,16.5,0.0935,0.1933,23.1,1,,
2013,8,00-0026345,Pierre Garcon,WR,11.6,-4.88,3.9,-0.0594,0.0475,23.1,1,,
2013,8,00-0029707,Justin Blackmon,WR,7.0,-9.48,-0.7,-0.1142,-0.0086,23.1,0,,
2013,8,00-0028091,Jeremy Kerley,WR,5.7,-10.78,-2.0,-0.1293,-0.0244,23.1,0,,
2013,8,00-0025549,Brent Celek,TE,4.7,-9.15,-2.9,-0.1103,-0.0354,23.1,0,,
2013,8,00-0029999,Zachary Sudfeld,TE,4.0,-9.85,-3.6,-0.1185,-0.0439,23.1,0,,
2013,8,00-0028613,Phillip Tanner,RB,3.5,-10.83,-3.9,-0.1299,-0.0475,23.1,0,,
2013,8,00-0028007,Robert Housler,TE,2.9,-10.95,-4.7,-0.1313,-0.0572,23.1,0,,
2013,8,00-0026237,Andre Caldwell,WR,2.4,-14.08,-5.3,-0.1668,-0.0645,23.1,0,,
2013,8,00-0026178,John Carlson,TE,1.8,-12.05,-5.8,-0.1439,-0.0705,23.1,0,,
2013,8,00-0024345,Domenik Hixon,WR,1.4,-15.08,-6.3,-0.1779,-0.0765,23.1,0,,
2013,8,00-0027688,Daniel McCoy,QB,0.52,-18.76,-6.62,-0.2172,-0.0803,23.1,0,,
2013,8,00-0020679,Shaun Hill,QB,0.0,-19.28,-7.14,-0.2225,-0.0865,23.1,0,,
2013,8,00-0027202,Michael Palmer,TE,0.0,-13.85,-7.6,-0.1642,-0.092,23.1,0,,
2013,8,00-0024408,Bruce Gradkowski,QB,0.0,-19.28,-7.14,-0.2225,-0.0865,23.1,0,,
2013,8,00-0023462,Sharod White,WR,0.0,-16.48,-7.7,-0.1931,-0.0932,23.1,0,,
2013,8,00-0024332,Leon Washington,RB,0.0,-14.33,-7.4,-0.1696,-0.0896,23.1,0,,
2013,8,00-0029683,Ronnie Hillman,RB,0.0,-14.33,-7.4,-0.1696,-0.0896,23.1,0,,
2013,8,00-0026780,Kevin Ogletree,WR,0.0,-16.48,-7.7,-0.1931,-0.0932,23.1,0,,
2013,8,00-0028795,Chase Reynolds,RB,0.0,-14.33,-7.4,-0.1696,-0.0896,23.1,0,,
2013,8,00-0029218,David Paulson,TE,0.0,-13.85,-7.6,-0.1642,-0.092,23.1,0,,
2013,8,00-0028838,Larry Donnell,TE,0.0,-13.85,-7.6,-0.1642,-0.092,23.1,0,,
2013,8,00-0027215,James Paulsen,TE,0.0,-13.85,-7.6,-0.1642,-0.092,23.1,0,,
2013,8,00-0029205,Travaris Cadet,RB,0.0,-14.33,-7.4,-0.1696,-0.0896,23.1,0,,
2013,8,00-0020337,Stevonne Smith,WR,8.2,-8.28,0.5,-0.1001,0.0061,23.1,1,,
2013,8,00-0026498,John Stafford,QB,26.72,7.44,19.58,0.0901,0.2256,23.1,1,,
2013,8,00-0027791,James Starks,RB,11.7,-2.63,4.3,-0.0321,0.0524,23.1,1,,
2013,8,00-0026367,Peyton Hillis,RB,11.5,-2.83,4.1,-0.0345,0.05,23.1,1,,
2013,8,00-0030520,Michael Glennon,QB,13.2,-6.08,6.06,-0.0739,0.0736,23.1,1,,
2013,8,00-0025418,Greg Olsen,TE,12.6,-1.25,5.0,-0.0152,0.0608,23.1,1,,
2013,8,00-0030542,Terrance Williams,WR,14.9,-1.58,7.2,-0.0193,0.0872,23.1,1,,
2013,8,00-0023310,Lance Moore,WR,12.4,-4.08,4.7,-0.0497,0.0572,23.1,1,,
2013,8,00-0025396,Theodore Ginn,WR,13.0,-3.48,5.3,-0.0424,0.0645,23.1,1,,
2013,8,00-0022811,Jerricho Cotchery,WR,6.9,-9.58,-0.8,-0.1153,-0.0098,23.1,0,,
2013,8,00-0029391,Sean McGrath,TE,5.5,-8.35,-2.1,-0.1009,-0.0256,23.1,0,,
2013,8,00-0027325,LeGarrette Blount,RB,4.6,-9.73,-2.8,-0.1171,-0.0342,23.1,0,,
2013,8,00-0020494,Santana Moss,WR,4.0,-12.48,-3.7,-0.1488,-0.0451,23.1,0,,
2013,8,00-0030280,Knile Davis,RB,3.5,-10.83,-3.9,-0.1299,-0.0475,23.1,0,,
2013,8,00-0026186,Jerome Simpson,WR,2.8,-13.68,-4.9,-0.1623,-0.0596,23.1,0,,
2013,8,00-0030533,Matthew Barkley,QB,2.32,-16.96,-4.82,-0.1982,-0.0587,23.1,0,,
2013,8,00-0027691,Andre Roberts,WR,1.8,-14.68,-5.9,-0.1734,-0.0717,23.1,0,,
2013,8,00-0026314,Joshua Morgan,WR,1.3,-15.18,-6.4,-0.1789,-0.0777,23.1,0,,
2013,8,00-0027772,Anthony Dixon,RB,0.2,-14.13,-7.2,-0.1674,-0.0872,23.1,0,,
2013,8,00-0028142,Virgil Green,TE,0.0,-13.85,-7.6,-0.1642,-0.092,23.1,0,,
2013,8,00-0028198,Matthew Asiata,RB,0.0,-14.33,-7.4,-0.1696,-0.0896,23.1,0,,
2013,8,00-0029159,Jermaine Kearse,WR,0.0,-16.48,-7.7,-0.1931,-0.0932,23.1,0,,
2013,8,00-0030419,Matthew McGloin,QB,0.0,-19.28,-7.14,-0.2225,-0.0865,23.1,0,,
2013,8,00-0029262,Rueben Randle,WR,0.0,-16.48,-7.7,-0.1931,-0.0932,23.1,0,,
2013,8,00-0028237,Christopher Hogan,WR,0.0,-16.48,-7.7,-0.1931,-0.0932,23.1,0,,
2013,8,00-0029857,Ryan Griffin,QB,0.0,-19.28,-7.14,-0.2225,-0.0865,23.1,0,,
2013,8,00-0028105,Ryan Whalen,WR,0.0,-16.48,-7.7,-0.1931,-0.0932,23.1,0,,
2013,8,00-0028121,Jordan Todman,RB,0.0,-14.33,-7.4,-0.1696,-0.0896,23.1,0,,
2013,8,00-0030460,Markus Wheaton,WR,0.0,-16.48,-7.7,-0.1931,-0.0932,23.1,0,,
2013,8,00-0029432,Jordan Ford,TE,0.0,-13.85,-7.6,-0.1642,-0.092,23.1,0,,
2013,8,00-0028238,Konrad Reuland,TE,0.0,-13.85,-7.6,-0.1642,-0.092,23.1,0,,
2013,8,00-0030274,Myles White,WR,8.5,-7.98,0.8,-0.0965,0.0098,23.1,1,,
2013,8,00-0020531,Drew Brees,QB,33.18,13.9,26.04,0.1648,0.2874,23.1,1,,
2013,8,00-0024217,Reginald Bush,RB,24.2,9.87,16.8,0.1188,0.1965,23.1,1,,
2013,8,00-0025394,Adrian Peterson,RB,17.3,2.97,9.9,0.0362,0.1191,23.1,1,,
2013,8,00-0022924,Benjamin Roethlisberger,QB,11.1,-8.18,3.96,-0.0989,0.0483,23.1,1,,
2013,8,00-0023630,Joel Dreessen,TE,9.9,-3.95,2.3,-0.0481,0.0281,23.1,1,,
2013,8,00-0027891,Golden Tate,WR,26.3,9.82,18.6,0.1182,0.2155,23.1,1,,
2013,8,00-0029155,William Brown,WR,13.3,-3.18,5.6,-0.0388,0.0681,23.1,1,,
2013,8,00-0028825,Terrelle Pryor,WR,16.12,-0.36,8.42,-0.0044,0.1017,23.1,1,,
2013,8,00-0027253,Thaddeus Lewis,QB,6.86,-12.42,-0.28,-0.1482,-0.0034,23.1,0,,
2013,8,00-0028016,Austin Pettis,WR,5.3,-11.18,-2.4,-0.1339,-0.0293,23.1,0,,
2013,8,00-0022127,Christopher Witten,TE,4.5,-9.35,-3.1,-0.1126,-0.0378,23.1,0,,
2013,8,00-0026162,Felix Jones,RB,3.9,-10.43,-3.5,-0.1253,-0.0427,23.1,0,,
2013,8,00-0028043,Roy Helu,RB,3.5,-10.83,-3.9,-0.1299,-0.0475,23.1,0,,
2013,8,00-0027608,Kyle Williams,WR,2.7,-13.78,-5.0,-0.1634,-0.0608,23.1,0,,
2013,8,00-0029098,Eric Page,WR,2.3,-14.18,-5.4,-0.1679,-0.0657,23.1,0,,
2013,8,00-0026281,Gary Barnidge,TE,1.8,-12.05,-5.8,-0.1439,-0.0705,23.1,0,,
2013,8,00-0030465,Kenjon Barner,RB,1.3,-13.03,-6.1,-0.155,-0.0741,23.1,0,,
2013,8,00-0024243,Marcedes Lewis,TE,0.1,-13.75,-7.5,-0.1631,-0.0908,23.1,0,,
2013,8,00-0021999,Nathaniel Burleson,WR,0.0,-16.48,-7.7,-0.1931,-0.0932,23.1,0,,
2013,8,00-0030433,Michael Gillislee,RB,0.0,-14.33,-7.4,-0.1696,-0.0896,23.1,0,,
2013,8,00-0029438,Christopher Polk,RB,0.0,-14.33,-7.4,-0.1696,-0.0896,23.1,0,,
2013,8,00-0028543,Jeffrey Maehl,WR,0.0,-16.48,-7.7,-0.1931,-0.0932,23.1,0,,
2013,8,00-0028263,Andre Holmes,WR,0.0,-16.48,-7.7,-0.1931,-0.0932,23.1,0,,
2013,8,00-0025431,Sidney Rice,WR,0.0,-16.48,-7.7,-0.1931,-0.0932,23.1,0,,
2013,8,00-0030147,Russell Shepard,WR,0.0,-16.48,-7.7,-0.1931,-0.0932,23.1,0,,
2013,8,00-0029934,Rodney Smith,WR,0.0,-16.48,-7.7,-0.1931,-0.0932,23.1,0,,
2013,8,00-0024240,Santonio Holmes,WR,0.0,-16.48,-7.7,-0.1931,-0.0932,23.1,0,,
2013,8,00-0027092,Austin Collie,WR,0.0,-16.48,-7.7,-0.1931,-0.0932,23.1,0,,
2013,8,00-0025708,Matthew Moore,QB,0.0,-19.28,-7.14,-0.2225,-0.0865,23.1,0,,
2013,8,00-0030514,Mychal Rivera,TE,0.0,-13.85,-7.6,-0.1642,-0.092,23.1,0,,
2013,8,00-0029731,Foswhitt Whittaker,RB,10.2,-4.13,2.8,-0.0503,0.0342,23.1,1,,
2013,8,00-0010346,Peyton Manning,QB,21.86,2.58,14.72,0.0315,0.1739,23.1,1,,
2013,8,00-0023500,Franklin Gore,RB,18.7,4.37,11.3,0.0532,0.1353,23.1,1,,
2013,8,00-0024204,Fredrick Jackson,RB,13.3,-1.03,5.9,-0.0126,0.0717,23.1,1,,
2013,8,00-0022803,Elisha Manning,QB,9.74,-9.54,2.6,-0.1149,0.0317,23.1,1,,
2013,8,00-0028040,Jordan Cameron,TE,14.1,0.25,6.5,0.0031,0.0789,23.1,1,,
2013,8,00-0028052,Cecil Shorts,WR,14.4,-2.08,6.7,-0.0254,0.0813,23.1,1,,
2013,8,00-0027265,Victor Cruz,WR,15.6,-0.88,7.9,-0.0107,0.0956,23.1,1,,
2013,8,00-0022427,Wesley Welker,WR,20.1,3.62,12.4,0.0442,0.1479,23.1,1,,
2013,8,00-0026173,Donnie Avery,WR,6.5,-9.98,-1.2,-0.12,-0.0147,23.1,0,,
2013,8,00-0027681,Brandon LaFell,WR,5.3,-11.18,-2.4,-0.1339,-0.0293,23.1,0,,
2013,8,00-0026035,Daniel Amendola,WR,4.5,-11.98,-3.2,-0.1431,-0.039,23.1,0,,
2013,8,00-0028083,Jacquizz Rodgers,RB,3.9,-10.43,-3.5,-0.1253,-0.0427,23.1,0,,
2013,8,00-0029632,Mohamed Sanu,WR,3.4,-13.08,-4.3,-0.1556,-0.0524,23.1,0,,
2013,8,00-0027150,Julian Edelman,WR,2.7,-13.78,-5.0,-0.1634,-0.0608,23.1,0,,
2013,8,00-0027725,Clayton Harbor,TE,2.2,-11.65,-5.4,-0.1393,-0.0657,23.1,0,,
2013,8,00-0027997,Gregory Little,WR,1.8,-14.68,-5.9,-0.1734,-0.0717,23.1,0,,
2013,8,00-0026932,Cedric Peerman,RB,1.1,-13.23,-6.3,-0.1573,-0.0765,23.1,0,,
2013,8,00-0023662,Matthew Cassel,QB,0.0,-19.28,-7.14,-0.2225,-0.0865,23.1,0,,
2013,8,00-0028905,Christopher Owusu,WR,0.0,-16.48,-7.7,-0.1931,-0.0932,23.1,0,,
2013,8,00-0029601,Brandon Bostick,TE,0.0,-13.85,-7.6,-0.1642,-0.092,23.1,0,,
2013,8,00-0023921,Miles Austin,WR,0.0,-16.48,-7.7,-0.1931,-0.0932,23.1,0,,
2013,8,00-0023541,Kyle Orton,QB,0.0,-19.28,-7.14,-0.2225,-0.0865,23.1,0,,
2013,8,00-0030512,Nicholas Kasa,TE,0.0,-13.85,-7.6,-0.1642,-0.092,23.1,0,,
2013,8,00-0030291,Lequan Jefferson,TE,0.0,-13.85,-7.6,-0.1642,-0.092,23.1,0,,
2013,8,00-0029640,Brian Quick,WR,0.0,-16.48,-7.7,-0.1931,-0.0932,23.1,0,,
2013,8,00-0029587,Rhett Ellison,TE,0.0,-13.85,-7.6,-0.1642,-0.092,23.1,0,,
2013,8,00-0029281,Adrien Robinson,TE,0.0,-13.85,-7.6,-0.1642,-0.092,23.1,0,,
2013,8,00-0023645,Derek Anderson,QB,0.0,-19.28,-7.14,-0.2225,-0.0865,23.1,0,,
2013,8,00-0024279,Tarvaris Jackson,QB,0.0,-19.28,-7.14,-0.2225,-0.0865,23.1,0,,
2013,8,00-0029108,Derek Moye,WR,0.0,-16.48,-7.7,-0.1931,-0.0932,23.1,0,,
2013,9,00-0026201,Martellus Bennett,TE,9.6,-6.99,1.3,-0.0732,0.0137,26.8,1,,
2013,9,00-0020531,Drew Brees,QB,18.18,-2.12,11.22,-0.0223,0.1165,26.8,1,,
2013,9,00-0026184,Matthew Forte,RB,28.9,9.62,19.9,0.1002,0.2003,26.8,1,,
2013,9,00-0027861,Clifford Spiller,RB,17.5,-1.78,8.5,-0.0188,0.0888,26.8,1,,
2013,9,00-0030565,Eugene Smith,QB,12.4,-7.9,5.44,-0.0826,0.0571,26.8,1,,
2013,9,00-0029697,Jacoby Fleener,TE,12.9,-3.69,4.6,-0.0388,0.0483,26.8,1,,
2013,9,00-0027942,Adriel Green,WR,23.8,5.56,14.5,0.0584,0.1491,26.8,1,,
2013,9,00-0029608,Eugene Hilton,WR,37.1,18.86,27.8,0.1907,0.2685,26.8,1,,
2013,9,00-0027758,Riley Cooper,WR,38.7,20.46,29.4,0.2055,0.2812,26.8,1,,
2013,9,00-0028114,Dwayne Harris,WR,9.3,-8.94,0.0,-0.0933,0.0,26.8,0,,
2013,9,00-0027873,Jermaine Gresham,TE,7.8,-8.79,-0.5,-0.0917,-0.0053,26.8,0,,
2013,9,00-0027973,Andrew Dalton,QB,6.72,-13.58,-0.24,-0.14,-0.0025,26.8,0,,
2013,9,00-0029388,Deonte Thompson,WR,5.4,-12.84,-3.9,-0.1327,-0.041,26.8,0,,
2013,9,00-0023436,Alexander Smith,QB,4.66,-15.64,-2.3,-0.1602,-0.0242,26.8,0,,
2013,9,00-0030419,Matthew McGloin,QB,3.48,-16.82,-3.48,-0.1715,-0.0366,26.8,0,,
2013,9,00-0029694,Michael Egnew,TE,2.8,-13.79,-5.5,-0.1421,-0.0577,26.8,0,,
2013,9,00-0029778,Darius Johnson,WR,2.0,-16.24,-7.3,-0.1659,-0.0764,26.8,0,,
2013,9,00-0025465,James Jones,WR,1.7,-16.54,-7.6,-0.1688,-0.0795,26.8,0,,
2013,9,00-0030388,Joseph Randle,RB,0.3,-18.98,-8.7,-0.1919,-0.0908,26.8,0,,
2013,9,00-0028034,Alexander Green,RB,0.0,-19.28,-9.0,-0.1947,-0.0939,26.8,0,,
2013,9,00-0007091,Matthew Hasselbeck,QB,0.0,-20.3,-6.96,-0.204,-0.0729,26.8,0,,
2013,9,00-0024226,Jay Cutler,QB,0.0,-20.3,-6.96,-0.204,-0.0729,26.8,0,,
2013,9,00-0028958,Cory Harkey,TE,0.0,-16.59,-8.3,-0.1693,-0.0867,26.8,0,,
2013,9,00-0024332,Leon Washington,RB,0.0,-19.28,-9.0,-0.1947,-0.0939,26.8,0,,
2013,9,00-0028097,Joseph Smith,TE,0.0,-16.59,-8.3,-0.1693,-0.0867,26.8,0,,
2013,9,00-0023367,Nathaniel Washington,WR,0.0,-18.24,-9.3,-0.1849,-0.097,26.8,0,,
2013,9,00-0029590,Taylor Thompson,TE,0.0,-16.59,-8.3,-0.1693,-0.0867,26.8,0,,
2013,9,00-0030443,Levine Toilolo,TE,0.0,-16.59,-8.3,-0.1693,-0.0867,26.8,0,,
2013,9,00-0021231,David Garrard,QB,0.0,-20.3,-6.96,-0.204,-0.0729,26.8,0,,
2013,9,00-0029432,Jordan Ford,TE,0.0,-16.59,-8.3,-0.1693,-0.0867,26.8,0,,
2013,9,00-0029108,Derek Moye,WR,0.0,-18.24,-9.3,-0.1849,-0.097,26.8,0,,
2013,9,00-0030472,Jordan Reed,TE,11.5,-5.09,3.2,-0.0534,0.0337,26.8,1,,
2013,9,00-0021206,Joshua McCown,QB,20.88,0.58,13.92,0.0061,0.1434,26.8,1,,
2013,9,00-0027531,Christopher Ivory,RB,19.9,0.62,10.9,0.0065,0.1132,26.8,1,,
2013,9,00-0028011,Stevan Ridley,RB,25.4,6.12,16.4,0.0641,0.1675,26.8,1,,
2013,9,00-0027950,Christian Ponder,QB,17.34,-2.96,10.38,-0.0312,0.108,26.8,1,,
2013,9,00-0029910,Timothy Wright,TE,17.8,1.21,9.5,0.0127,0.099,26.8,1,,
2013,9,00-0028086,Denarius Moore,WR,13.2,-5.04,3.9,-0.0529,0.041,26.8,1,,
2013,9,00-0030279,Keenan Allen,WR,26.8,8.56,17.5,0.0894,0.178,26.8,1,,
2013,9,00-0022044,Andre Johnson,WR,49.9,31.66,40.6,0.2984,0.3581,26.8,1,,
2013,9,00-0020337,Stevonne Smith,WR,9.2,-9.04,-0.1,-0.0943,-0.0011,26.8,0,,
2013,9,00-0026878,Tom Crabtree,TE,7.7,-8.89,-0.6,-0.0928,-0.0063,26.8,0,,
2013,9,00-0025460,Jacoby Jones,WR,6.7,-11.54,-2.6,-0.1197,-0.0274,26.8,0,,
2013,9,00-0027215,James Paulsen,TE,5.4,-11.19,-2.9,-0.1162,-0.0305,26.8,0,,
2013,9,00-0026186,Jerome Simpson,WR,4.4,-13.84,-4.9,-0.1426,-0.0515,26.8,0,,
2013,9,00-0027864,Ryan Mathews,RB,3.4,-15.88,-5.6,-0.1625,-0.0588,26.8,0,,
2013,9,00-0028020,Vincent Brown,WR,2.7,-15.54,-6.6,-0.1592,-0.0692,26.8,0,,
2013,9,00-0027918,Andrew Hawkins,WR,2.0,-16.24,-7.3,-0.1659,-0.0764,26.8,0,,
2013,9,00-0027888,Tobinbo Gerhart,RB,1.6,-17.68,-7.4,-0.1797,-0.0774,26.8,0,,
2013,9,00-0029878,MarQueis Gray,TE,0.1,-16.49,-8.2,-0.1683,-0.0857,26.8,0,,
2013,9,00-0027139,John Phillips,TE,0.0,-16.59,-8.3,-0.1693,-0.0867,26.8,0,,
2013,9,00-0029601,Brandon Bostick,TE,0.0,-16.59,-8.3,-0.1693,-0.0867,26.8,0,,
2013,9,00-0023921,Miles Austin,WR,0.0,-18.24,-9.3,-0.1849,-0.097,26.8,0,,
2013,9,00-0028270,Weslye Saunders,TE,0.0,-16.59,-8.3,-0.1693,-0.0867,26.8,0,,
2013,9,00-0028613,Phillip Tanner,RB,0.0,-19.28,-9.0,-0.1947,-0.0939,26.8,0,,
2013,9,00-0026300,Joshua Johnson,QB,0.0,-20.3,-6.96,-0.204,-0.0729,26.8,0,,
2013,9,00-0026210,Earl Bennett,WR,0.0,-18.24,-9.3,-0.1849,-0.097,26.8,0,,
2013,9,00-0028156,Ryan Taylor,TE,0.0,-16.59,-8.3,-0.1693,-0.0867,26.8,0,,
2013,9,00-0029587,Rhett Ellison,TE,0.0,-16.59,-8.3,-0.1693,-0.0867,26.8,0,,
2013,9,00-0030292,Brad Sorensen,QB,0.0,-20.3,-6.96,-0.204,-0.0729,26.8,0,,
2013,9,00-0025708,Matthew Moore,QB,0.0,-20.3,-6.96,-0.204,-0.0729,26.8,0,,
2013,9,00-0022847,Benjamin Hartsock,TE,0.0,-16.59,-8.3,-0.1693,-0.0867,26.8,0,,
2013,9,00-0027718,Garrett Graham,TE,10.6,-5.99,2.3,-0.0628,0.0242,26.8,1,,
2013,9,00-0026158,Joseph Flacco,QB,20.5,0.2,13.54,0.0021,0.1396,26.8,1,,
2013,9,00-0029615,Lamar Miller,RB,14.9,-4.38,5.9,-0.0461,0.0619,26.8,1,,
2013,9,00-0027325,LeGarrette Blount,RB,10.7,-8.58,1.7,-0.0896,0.0179,26.8,1,,
2013,9,00-0024264,Kellen Clemens,QB,12.0,-8.3,5.04,-0.0867,0.0529,26.8,1,,
2013,9,00-0027696,Jimmy Graham,TE,37.1,20.51,28.8,0.2059,0.2765,26.8,1,,
2013,9,00-0030540,Aaron Dobson,WR,30.0,11.76,20.7,0.1219,0.2076,26.8,1,,
2013,9,00-0026035,Daniel Amendola,WR,22.2,3.96,12.9,0.0416,0.1333,26.8,1,,
2013,9,00-0022811,Jerricho Cotchery,WR,34.6,16.36,25.3,0.1671,0.2479,26.8,1,,
2013,9,00-0027791,James Starks,RB,9.0,-10.28,0.0,-0.107,0.0,26.8,0,,
2013,9,00-0028050,Gregory Salas,WR,7.7,-10.54,-1.6,-0.1096,-0.0168,26.8,0,,
2013,9,00-0030085,Kenneth Stills,WR,6.5,-11.74,-2.8,-0.1217,-0.0295,26.8,0,,
2013,9,00-0029673,DeVier Posey,WR,5.3,-12.94,-4.0,-0.1337,-0.042,26.8,0,,
2013,9,00-0029580,Rishard Matthews,WR,4.4,-13.84,-4.9,-0.1426,-0.0515,26.8,0,,
2013,9,00-0030521,Justin Hunter,WR,3.3,-14.94,-6.0,-0.1533,-0.0629,26.8,0,,
2013,9,00-0022055,Seneca Wallace,QB,2.56,-17.74,-4.4,-0.1802,-0.0462,26.8,0,,
2013,9,00-0025396,Theodore Ginn,WR,2.0,-16.24,-7.3,-0.1659,-0.0764,26.8,0,,
2013,9,00-0028442,Ricardo Lockette,WR,1.5,-16.74,-7.8,-0.1707,-0.0816,26.8,0,,
2013,9,00-0029391,Sean McGrath,TE,0.0,-16.59,-8.3,-0.1693,-0.0867,26.8,0,,
2013,9,00-0030526,Erik Manuel,QB,0.0,-20.3,-6.96,-0.204,-0.0729,26.8,0,,
2013,9,00-0026796,Arian Foster,RB,0.0,-19.28,-9.0,-0.1947,-0.0939,26.8,0,,
2013,9,00-0026293,Matthew Slater,WR,0.0,-18.24,-9.3,-0.1849,-0.097,26.8,0,,
2013,9,00-0029492,Jamize Olawale,RB,0.0,-19.28,-9.0,-0.1947,-0.0939,26.8,0,,
2013,9,00-0028263,Andre Holmes,WR,0.0,-18.24,-9.3,-0.1849,-0.097,26.8,0,,
2013,9,00-0028237,Christopher Hogan,WR,0.0,-18.24,-9.3,-0.1849,-0.097,26.8,0,,
2013,9,00-0030272,Jacob Stoneburner,TE,0.0,-16.59,-8.3,-0.1693,-0.0867,26.8,0,,
2013,9,00-0020245,Michael Vick,QB,0.0,-20.3,-6.96,-0.204,-0.0729,26.8,0,,
2013,9,00-0030089,Luke Willson,TE,0.0,-16.59,-8.3,-0.1693,-0.0867,26.8,0,,
2013,9,00-0030000,Kenbrell Thompkins,WR,0.0,-18.24,-9.3,-0.1849,-0.097,26.8,0,,
2013,9,00-0024279,Tarvaris Jackson,QB,0.0,-20.3,-6.96,-0.204,-0.0729,26.8,0,,
2013,9,00-0030524,Matthew Jones,QB,0.0,-20.3,-6.96,-0.204,-0.0729,26.8,0,,
2013,9,00-0023465,Earl Miller,TE,10.3,-6.29,2.0,-0.0659,0.0211,26.8,1,,
2013,9,00-0029263,Russell Wilson,QB,22.28,1.98,15.32,0.0208,0.1571,26.8,1,,
2013,9,00-0027155,Rashad Jennings,RB,30.6,11.32,21.6,0.1174,0.2157,26.8,1,,
2013,9,00-0029141,Alfred Morris,RB,18.1,-1.18,9.1,-0.0125,0.0949,26.8,1,,
2013,9,00-0030024,Jeffrey Tuel,QB,10.86,-9.44,3.9,-0.0984,0.041,26.8,1,,
2013,9,00-0006101,Anthony Gonzalez,TE,23.1,6.51,14.8,0.0682,0.152,26.8,1,,
2013,9,00-0025410,Dwayne Bowe,WR,13.7,-4.54,4.4,-0.0477,0.0462,26.8,1,,
2013,9,00-0027685,Emmanuel Sanders,WR,15.8,-2.44,6.5,-0.0257,0.0681,26.8,1,,
2013,9,00-0026224,Harry Douglas,WR,11.2,-7.04,1.9,-0.0737,0.02,26.8,1,,
2013,9,00-0027140,Christopher Ogbonnaya,RB,8.9,-10.38,-0.1,-0.108,-0.0011,26.8,0,,
2013,9,00-0029999,Zachary Sudfeld,TE,7.6,-8.99,-0.7,-0.0938,-0.0074,26.8,0,,
2013,9,00-0027786,Jonathan Dwyer,RB,6.3,-12.98,-2.7,-0.1341,-0.0284,26.8,0,,
2013,9,00-0030542,Terrance Williams,WR,5.3,-12.94,-4.0,-0.1337,-0.042,26.8,0,,
2013,9,00-0024389,Hubert Walker,TE,4.3,-12.29,-4.0,-0.1272,-0.042,26.8,0,,
2013,9,00-0028876,Collin Mooney,RB,3.2,-16.08,-5.8,-0.1644,-0.0608,26.8,0,,
2013,9,00-0029051,Jarrett Boykin,WR,2.5,-15.74,-6.8,-0.1611,-0.0712,26.8,0,,
2013,9,00-0027692,Armanti Edwards,WR,2.0,-16.24,-7.3,-0.1659,-0.0764,26.8,0,,
2013,9,00-0028116,Aldrick Robinson,WR,1.4,-16.84,-7.9,-0.1717,-0.0826,26.8,0,,
2013,9,00-0023662,Matthew Cassel,QB,0.0,-20.3,-6.96,-0.204,-0.0729,26.8,0,,
2013,9,00-0029435,Damaris Johnson,WR,0.0,-18.24,-9.3,-0.1849,-0.097,26.8,0,,
2013,9,00-0026932,Cedric Peerman,RB,0.0,-19.28,-9.0,-0.1947,-0.0939,26.8,0,,
2013,9,00-0028119,Richard Gordon,TE,0.0,-16.59,-8.3,-0.1693,-0.0867,26.8,0,,
2013,9,00-0023462,Sharod White,WR,0.0,-18.24,-9.3,-0.1849,-0.097,26.8,0,,
2013,9,00-0030280,Knile Davis,RB,0.0,-19.28,-9.0,-0.1947,-0.0939,26.8,0,,
2013,9,00-0026314,Joshua Morgan,WR,0.0,-18.24,-9.3,-0.1849,-0.097,26.8,0,,
2013,9,00-0027109,James Casey,TE,0.0,-16.59,-8.3,-0.1693,-0.0867,26.8,0,,
2013,9,00-0029298,Cyrus Gray,RB,0.0,-19.28,-9.0,-0.1947,-0.0939,26.8,0,,
2013,9,00-0027775,Russell Smith,QB,0.0,-20.3,-6.96,-0.204,-0.0729,26.8,0,,
2013,9,00-0026188,Frederick Davis,TE,0.0,-16.59,-8.3,-0.1693,-0.0867,26.8,0,,
2013,9,00-0023506,Edwin Smith,TE,0.0,-16.59,-8.3,-0.1693,-0.0867,26.8,0,,
2013,9,00-0029415,Keshawn Martin,WR,0.0,-18.24,-9.3,-0.1849,-0.097,26.8,0,,
2013,9,00-0030514,Mychal Rivera,TE,9.6,-6.99,1.3,-0.0732,0.0137,26.8,1,,
2013,9,00-0021678,Antonio Romo,QB,20.28,-0.02,13.32,-0.0002,0.1374,26.8,1,,
2013,9,00-0025439,Brian Leonard,RB,10.8,-8.48,1.8,-0.0886,0.019,26.8,1,,
2013,9,00-0030391,Michael James,RB,22.68,3.4,13.68,0.0357,0.141,26.8,1,,
2013,9,00-0026153,Jonathan Stewart,RB,9.5,-9.78,0.5,-0.1019,0.0053,26.8,1,,
2013,9,00-0021547,Antonio Gates,TE,14.3,-2.29,6.0,-0.0241,0.0629,26.8,1,,
2013,9,00-0027156,Tiquan Underwood,WR,10.9,-7.34,1.6,-0.0768,0.0168,26.8,1,,
2013,9,00-0027996,James Smith,WR,12.8,-5.44,3.5,-0.0571,0.0368,26.8,1,,
2013,9,00-0029000,Cole Beasley,WR,12.8,-5.44,3.5,-0.0571,0.0368,26.8,1,,
2013,9,00-0027890,Benjamin Tate,RB,8.9,-10.38,-0.1,-0.108,-0.0011,26.8,0,,
2013,9,00-0024242,DeAngelo Williams,RB,7.4,-11.88,-1.6,-0.1231,-0.0168,26.8,0,,
2013,9,00-0029441,Jeremy Stewart,RB,6.2,-13.08,-2.8,-0.1351,-0.0295,26.8,0,,
2013,9,00-0028000,Daniel Thomas,RB,5.2,-14.08,-3.8,-0.145,-0.04,26.8,0,,
2013,9,00-0030578,Cordarrelle Patterson,RB,4.3,-14.98,-4.7,-0.1538,-0.0494,26.8,0,,
2013,9,00-0027732,Michael Hoomanawanui,TE,3.2,-13.39,-5.1,-0.1381,-0.0536,26.8,0,,
2013,9,00-0029275,Ladarius Green,TE,2.5,-14.09,-5.8,-0.145,-0.0608,26.8,0,,
2013,9,00-0023459,Aaron Rodgers,QB,1.98,-18.32,-4.98,-0.1857,-0.0523,26.8,0,,
2013,9,00-0029868,Skye Dawson,WR,1.4,-16.84,-7.9,-0.1717,-0.0826,26.8,0,,
2013,9,00-0027057,Brandon Tate,WR,0.0,-18.24,-9.3,-0.1849,-0.097,26.8,0,,
2013,9,00-0022864,Luke McCown,QB,0.0,-20.3,-6.96,-0.204,-0.0729,26.8,0,,
2013,9,00-0026225,Craig Stevens,TE,0.0,-16.59,-8.3,-0.1693,-0.0867,26.8,0,,
2013,9,00-0029667,Nicholas Toon,WR,0.0,-18.24,-9.3,-0.1849,-0.097,26.8,0,,
2013,9,00-0023541,Kyle Orton,QB,0.0,-20.3,-6.96,-0.204,-0.0729,26.8,0,,
2013,9,00-0030512,Nicholas Kasa,TE,0.0,-16.59,-8.3,-0.1693,-0.0867,26.8,0,,
2013,9,00-0028542,Lestar Jean,WR,0.0,-18.24,-9.3,-0.1849,-0.097,26.8,0,,
2013,9,00-0029857,Ryan Griffin,QB,0.0,-20.3,-6.96,-0.204,-0.0729,26.8,0,,
2013,9,00-0026008,Matthew Mulligan,TE,0.0,-16.59,-8.3,-0.1693,-0.0867,26.8,0,,
2013,9,00-0023437,Ronnie Brown,RB,0.0,-19.28,-9.0,-0.1947,-0.0939,26.8,0,,
2013,9,00-0030460,Markus Wheaton,WR,0.0,-18.24,-9.3,-0.1849,-0.097,26.8,0,,
2013,9,00-0028353,Andre Smith,TE,0.0,-16.59,-8.3,-0.1693,-0.0867,26.8,0,,
2013,9,00-0029677,Brandon Weeden,QB,-0.08,-20.38,-7.04,-0.2047,-0.0737,26.8,0,,
2013,9,00-0026176,Jordy Nelson,WR,10.7,-7.54,1.4,-0.0789,0.0147,26.8,1,,
2013,9,00-0019596,Thomas Brady,QB,33.18,12.88,26.22,0.1331,0.2556,26.8,1,,
2013,9,00-0026899,Shonn Greene,RB,13.6,-5.68,4.6,-0.0596,0.0483,26.8,1,,
2013,9,00-0026019,Danny Woodhead,RB,18.8,-0.48,9.8,-0.0051,0.1021,26.8,1,,
2013,9,00-0029665,Robert Griffin,QB,11.34,-8.96,4.38,-0.0935,0.046,26.8,1,,
2013,9,00-0027061,Jared Cook,TE,14.1,-2.49,5.8,-0.0262,0.0608,26.8,1,,
2013,9,00-0029159,Jermaine Kearse,WR,12.3,-5.94,3.0,-0.0623,0.0316,26.8,1,,
2013,9,00-0029129,Rod Streater,WR,14.8,-3.44,5.5,-0.0362,0.0577,26.8,1,,
2013,9,00-0026901,Burnell Wallace,WR,14.2,-4.04,4.9,-0.0425,0.0515,26.8,1,,
2013,9,00-0030564,DeAndre Hopkins,WR,8.4,-9.84,-0.9,-0.1025,-0.0095,26.8,0,,
2013,9,00-0029675,Trenton Richardson,RB,7.3,-11.98,-1.7,-0.1241,-0.0179,26.8,0,,
2013,9,00-0029033,Griffith Whalen,WR,6.2,-12.04,-3.1,-0.1247,-0.0326,26.8,0,,
2013,9,00-0026173,Donnie Avery,WR,5.2,-13.04,-4.1,-0.1347,-0.0431,26.8,0,,
2013,9,00-0029004,Lance Dunbar,RB,4.1,-15.18,-4.9,-0.1557,-0.0515,26.8,0,,
2013,9,00-0023496,Vincent Jackson,WR,3.1,-15.14,-6.2,-0.1553,-0.065,26.8,0,,
2013,9,00-0026144,Darren McFadden,RB,2.5,-16.78,-6.5,-0.1711,-0.0681,26.8,0,,
2013,9,00-0026162,Felix Jones,RB,1.9,-17.38,-7.1,-0.1769,-0.0743,26.8,0,,
2013,9,00-0023564,Darren Sproles,RB,1.2,-18.08,-7.8,-0.1835,-0.0816,26.8,0,,
2013,9,00-0030432,Christine Michael,RB,0.0,-19.28,-9.0,-0.1947,-0.0939,26.8,0,,
2013,9,00-0026577,Marcus Thigpen,WR,0.0,-18.24,-9.3,-0.1849,-0.097,26.8,0,,
2013,9,00-0028863,Dominique Davis,QB,0.0,-20.3,-6.96,-0.204,-0.0729,26.8,0,,
2013,9,00-0028995,Stephen Hill,WR,0.0,-18.24,-9.3,-0.1849,-0.097,26.8,0,,
2013,9,00-0026298,Kellen Davis,TE,0.0,-16.59,-8.3,-0.1693,-0.0867,26.8,0,,
2013,9,00-0023682,Ryan Fitzpatrick,QB,0.0,-20.3,-6.96,-0.204,-0.0729,26.8,0,,
2013,9,00-0030288,Michael Burkhead,RB,0.0,-19.28,-9.0,-0.1947,-0.0939,26.8,0,,
2013,9,00-0030175,Ryan Spadola,WR,0.0,-18.24,-9.3,-0.1849,-0.097,26.8,0,,
2013,9,00-0027595,Bryan Walters,WR,0.0,-18.24,-9.3,-0.1849,-0.097,26.8,0,,
2013,9,00-0028012,Ryan Mallett,QB,0.0,-20.3,-6.96,-0.204,-0.0729,26.8,0,,
2013,9,00-0027581,Oluseyi Ajirotutu,WR,0.0,-18.24,-9.3,-0.1849,-0.097,26.8,0,,
2013,9,00-0030151,Tyler Bray,QB,0.0,-20.3,-6.96,-0.204,-0.0729,26.8,0,,
2013,9,00-0030216,Joshua Hill,TE,-0.8,-17.39,-9.1,-0.1769,-0.0949,26.8,0,,
2013,9,00-0028017,Leonard Hankerson,WR,10.5,-7.74,1.2,-0.0809,0.0126,26.8,1,,
2013,9,00-0022942,Philip Rivers,QB,19.04,-1.26,12.08,-0.0133,0.1251,26.8,1,,
2013,9,00-0030536,Zachary Stacy,RB,35.8,16.52,26.8,0.1686,0.2604,26.8,1,,
2013,9,00-0025399,Marshawn Lynch,RB,18.1,-1.18,9.1,-0.0125,0.0949,26.8,1,,
2013,9,00-0027946,Jacob Locker,QB,10.4,-9.9,3.44,-0.1031,0.0362,26.8,1,,
2013,9,00-0030061,Zachary Ertz,TE,17.7,1.11,9.4,0.0117,0.098,26.8,1,,
2013,9,00-0030400,Marlon Brown,WR,24.4,6.16,15.1,0.0646,0.1549,26.8,1,,
2013,9,00-0024334,Brandon Marshall,WR,23.7,5.46,14.4,0.0573,0.1481,26.8,1,,
2013,9,00-0026000,Davone Bess,WR,17.4,-0.84,8.1,-0.0088,0.0847,26.8,1,,
2013,9,00-0028083,Jacquizz Rodgers,RB,8.4,-10.88,-0.6,-0.1131,-0.0063,26.8,0,,
2013,9,00-0025860,BenJarvus Green-Ellis,RB,7.2,-12.08,-1.8,-0.1251,-0.019,26.8,0,,
2013,9,00-0029702,Juron Criner,WR,6.2,-12.04,-3.1,-0.1247,-0.0326,26.8,0,,
2013,9,00-0029640,Brian Quick,WR,5.0,-13.24,-4.3,-0.1366,-0.0452,26.8,0,,
2013,9,00-0028043,Roy Helu,RB,3.9,-15.38,-5.1,-0.1577,-0.0536,26.8,0,,
2013,9,00-0027893,Damian Williams,WR,3.0,-15.24,-6.3,-0.1563,-0.066,26.8,0,,
2013,9,00-0027651,Dexter McCluster,WR,2.5,-15.74,-6.8,-0.1611,-0.0712,26.8,0,,
2013,9,00-0028040,Jordan Cameron,TE,1.9,-14.69,-6.4,-0.1509,-0.0671,26.8,0,,
2013,9,00-0028307,Andrew Davis,WR,1.2,-17.04,-8.1,-0.1736,-0.0847,26.8,0,,
2013,9,00-0022121,Rex Grossman,QB,0.0,-20.3,-6.96,-0.204,-0.0729,26.8,0,,
2013,9,00-0030108,Ryan Griffin,TE,0.0,-16.59,-8.3,-0.1693,-0.0867,26.8,0,,
2013,9,00-0029151,Matthew Simms,QB,0.0,-20.3,-6.96,-0.204,-0.0729,26.8,0,,
2013,9,00-0027445,Jeron Mastrud,TE,0.0,-16.59,-8.3,-0.1693,-0.0867,26.8,0,,
2013,9,00-0030049,Christopher Gragg,TE,0.0,-16.59,-8.3,-0.1693,-0.0867,26.8,0,,
2013,9,00-0026644,Josh Vaughan,RB,0.0,-19.28,-9.0,-0.1947,-0.0939,26.8,0,,
2013,9,00-0029098,Eric Page,WR,0.0,-18.24,-9.3,-0.1849,-0.097,26.8,0,,
2013,9,00-0030147,Russell Shepard,WR,0.0,-18.24,-9.3,-0.1849,-0.097,26.8,0,,
2013,9,00-0030465,Kenjon Barner,RB,0.0,-19.28,-9.0,-0.1947,-0.0939,26.8,0,,
2013,9,00-0028581,Patrick DiMarco,RB,0.0,-19.28,-9.0,-0.1947,-0.0939,26.8,0,,
2013,9,00-0027092,Austin Collie,WR,0.0,-18.24,-9.3,-0.1849,-0.097,26.8,0,,
2013,9,00-0024466,Marques Colston,WR,0.0,-18.24,-9.3,-0.1849,-0.097,26.8,0,,
2013,9,00-0029795,Benjamin Cunningham,RB,-0.9,-20.18,-9.9,-0.2029,-0.1031,26.8,0,,
2013,9,00-0029708,Kendall Wright,WR,9.9,-8.34,0.6,-0.0871,0.0063,26.8,1,,
2013,9,00-0022924,Benjamin Roethlisberger,QB,25.9,5.6,18.94,0.0587,0.1915,26.8,1,,
2013,9,00-0027029,LeSean McCoy,RB,18.0,-1.28,9.0,-0.0135,0.0939,26.8,1,,
2013,9,00-0030456,Giovani Bernard,RB,26.4,7.12,17.4,0.0745,0.177,26.8,1,,
2013,9,00-0025425,Zachary Miller,TE,9.4,-7.19,1.1,-0.0753,0.0116,26.8,1,,
2013,9,00-0027656,Robert Gronkowski,TE,33.8,17.21,25.5,0.1752,0.2496,26.8,1,,
2013,9,00-0023310,Lance Moore,WR,13.0,-5.24,3.7,-0.055,0.0389,26.8,1,,
2013,9,00-0027997,Gregory Little,WR,19.2,0.96,9.9,0.0101,0.1031,26.8,1,,
2013,9,00-0026189,DeSean Jackson,WR,26.0,7.76,16.7,0.0812,0.1703,26.8,1,,
2013,9,00-0029664,Joshua Gordon,WR,8.4,-9.84,-0.9,-0.1025,-0.0095,26.8,0,,
2013,9,00-0025516,William Chandler,TE,7.1,-9.49,-1.2,-0.0989,-0.0126,26.8,0,,
2013,9,00-0029572,Jarius Wright,WR,6.1,-12.14,-3.2,-0.1257,-0.0337,26.8,0,,
2013,9,00-0025487,Michael Bush,RB,5.0,-14.28,-4.0,-0.1469,-0.042,26.8,0,,
2013,9,00-0029273,Robert Turbin,RB,3.7,-15.58,-5.3,-0.1596,-0.0556,26.8,0,,
2013,9,00-0020494,Santana Moss,WR,3.0,-15.24,-6.3,-0.1563,-0.066,26.8,0,,
2013,9,00-0028016,Austin Pettis,WR,2.3,-15.94,-7.0,-0.163,-0.0733,26.8,0,,
2013,9,00-0029548,LaVon Brazill,WR,1.9,-16.34,-7.4,-0.1669,-0.0774,26.8,0,,
2013,9,00-0029264,Bernard Pierce,RB,1.1,-18.18,-7.9,-0.1844,-0.0826,26.8,0,,
2013,9,00-0027188,Chandler Hall,WR,0.0,-18.24,-9.3,-0.1849,-0.097,26.8,0,,
2013,9,00-0028792,Kevin Cone,WR,0.0,-18.24,-9.3,-0.1849,-0.097,26.8,0,,
2013,9,00-0029311,Kenneth Hemingway,WR,0.0,-18.24,-9.3,-0.1849,-0.097,26.8,0,,
2013,9,00-0027253,Thaddeus Lewis,QB,0.0,-20.3,-6.96,-0.204,-0.0729,26.8,0,,
2013,9,00-0027583,Richard Brockel,TE,0.0,-16.59,-8.3,-0.1693,-0.0867,26.8,0,,
2013,9,00-0029654,Alfred Jenkins,WR,0.0,-18.24,-9.3,-0.1849,-0.097,26.8,0,,
2013,9,00-0027321,Jeffrey Cumberland,TE,0.0,-16.59,-8.3,-0.1693,-0.0867,26.8,0,,
2013,9,00-0025542,Dante Rosario,TE,0.0,-16.59,-8.3,-0.1693,-0.0867,26.8,0,,
2013,9,00-0028795,Chase Reynolds,RB,0.0,-19.28,-9.0,-0.1947,-0.0939,26.8,0,,
2013,9,00-0029218,David Paulson,TE,0.0,-16.59,-8.3,-0.1693,-0.0867,26.8,0,,
2013,9,00-0023645,Derek Anderson,QB,0.0,-20.3,-6.96,-0.204,-0.0729,26.8,0,,
2013,9,00-0030150,Matthew Tucker,RB,0.0,-19.28,-9.0,-0.1947,-0.0939,26.8,0,,
2013,9,00-0029660,Trevor Graham,WR,-1.2,-19.44,-10.5,-0.1961,-0.1092,26.8,0,,
2013,9,00-0029293,Marvin Jones,WR,10.6,-7.64,1.3,-0.0799,0.0137,26.8,1,,
2013,9,00-0023460,Jason Campbell,QB,24.48,4.18,17.52,0.0439,0.1781,26.8,1,,
2013,9,00-0026164,Christopher Johnson,RB,32.0,12.72,23.0,0.1314,0.2281,26.8,1,,
2013,9,00-0030485,Eddie Lacy,RB,21.0,1.72,12.0,0.0181,0.1243,26.8,1,,
2013,9,00-0029701,Ryan Tannehill,QB,14.42,-5.88,7.46,-0.0617,0.0781,26.8,1,,
2013,9,00-0022127,Christopher Witten,TE,28.2,11.61,19.9,0.1204,0.2003,26.8,1,,
2013,9,00-0027681,Brandon LaFell,WR,12.4,-5.84,3.1,-0.0612,0.0326,26.8,1,,
2013,9,00-0029632,Mohamed Sanu,WR,12.2,-6.04,2.9,-0.0633,0.0305,26.8,1,,
2013,9,00-0028434,Douglas Baldwin,WR,19.5,1.26,10.2,0.0133,0.1061,26.8,1,,
2013,9,00-0030431,Robert Woods,WR,8.4,-9.84,-0.9,-0.1025,-0.0095,26.8,0,,
2013,9,00-0029429,Bryce Brown,RB,7.0,-12.28,-2.0,-0.1271,-0.0211,26.8,0,,
2013,9,00-0030549,Tyler Eifert,TE,5.9,-10.69,-2.4,-0.1111,-0.0253,26.8,0,,
2013,9,00-0027003,Donald Brown,RB,4.9,-14.38,-4.1,-0.1479,-0.0431,26.8,0,,
2013,9,00-0030236,Dennis Johnson,RB,3.6,-15.68,-5.4,-0.1606,-0.0567,26.8,0,,
2013,9,00-0028543,Jeffrey Maehl,WR,2.9,-15.34,-6.4,-0.1572,-0.0671,26.8,0,,
2013,9,00-0030532,Stedman Bailey,WR,2.2,-16.04,-7.1,-0.164,-0.0743,26.8,0,,
2013,9,00-0027966,Mark Ingram,RB,1.9,-17.38,-7.1,-0.1769,-0.0743,26.8,0,,
2013,9,00-0022178,Willis McGahee,RB,1.1,-18.18,-7.9,-0.1844,-0.0826,26.8,0,,
2013,9,00-0027755,Brandon Reed,WR,0.0,-18.24,-9.3,-0.1849,-0.097,26.8,0,,
2013,9,00-0027202,Michael Palmer,TE,0.0,-16.59,-8.3,-0.1693,-0.0867,26.8,0,,
2013,9,00-0027708,Marcus Easley,WR,0.0,-18.24,-9.3,-0.1849,-0.097,26.8,0,,
2013,9,00-0029793,Brandon Williams,TE,0.0,-16.59,-8.3,-0.1693,-0.0867,26.8,0,,
2013,9,00-0027006,Kenneth Britt,WR,0.0,-18.24,-9.3,-0.1849,-0.097,26.8,0,,
2013,9,00-0026544,William Daniel,QB,0.0,-20.3,-6.96,-0.204,-0.0729,26.8,0,,
2013,9,00-0026993,Josh Freeman,QB,0.0,-20.3,-6.96,-0.204,-0.0729,26.8,0,,
2013,9,00-0029588,Daniel Herron,RB,0.0,-19.28,-9.0,-0.1947,-0.0939,26.8,0,,
2013,9,00-0028105,Ryan Whalen,WR,0.0,-18.24,-9.3,-0.1849,-0.097,26.8,0,,
2013,9,00-0025592,Jordan Palmer,QB,0.0,-20.3,-6.96,-0.204,-0.0729,26.8,0,,
2013,9,00-0030134,Michael Ford,RB,0.0,-19.28,-9.0,-0.1947,-0.0939,26.8,0,,
2013,9,00-0023578,Daniel Orlovsky,QB,0.0,-20.3,-6.96,-0.204,-0.0729,26.8,0,,
2013,9,00-0022736,Steven Jackson,RB,10.6,-8.68,1.6,-0.0907,0.0168,26.8,1,,
2013,9,00-0029567,Nicholas Foles,QB,45.24,24.94,38.28,0.2448,0.3439,26.8,1,,
2013,9,00-0026213,Jamaal Charles,RB,15.6,-3.68,6.6,-0.0387,0.0692,26.8,1,,
2013,9,00-0030496,Le'Veon Bell,RB,17.9,-1.38,8.9,-0.0146,0.0929,26.8,1,,
2013,9,00-0029614,Christopher Givens,WR,9.5,-8.74,0.2,-0.0912,0.0021,26.8,1,,
2013,9,00-0025549,Brent Celek,TE,13.2,-3.39,4.9,-0.0356,0.0515,26.8,1,,
2013,9,00-0027902,Desmond Bryant,WR,12.4,-5.84,3.1,-0.0612,0.0326,26.8,1,,
2013,9,00-0026182,William Royal,WR,15.6,-2.64,6.3,-0.0278,0.066,26.8,1,,
2013,9,00-0025414,Robert Meachem,WR,13.3,-4.94,4.0,-0.0519,0.042,26.8,1,,
2013,9,00-0026178,John Carlson,TE,8.3,-8.29,0.0,-0.0866,0.0,26.8,0,,
2013,9,00-0026143,Matthew Ryan,QB,6.96,-13.34,0.0,-0.1377,0.0,26.8,0,,
2013,9,00-0027891,Golden Tate,WR,5.9,-12.34,-3.4,-0.1277,-0.0358,26.8,0,,
2013,9,00-0028061,Tandon Doss,WR,4.9,-13.34,-4.4,-0.1376,-0.0462,26.8,0,,
2013,9,00-0029634,James Hanna,TE,3.6,-12.99,-4.7,-0.1342,-0.0494,26.8,0,,
2013,9,00-0022165,Dallas Clark,TE,2.9,-13.69,-5.4,-0.1411,-0.0567,26.8,0,,
2013,9,00-0028093,Niles Paul,TE,2.1,-14.49,-6.2,-0.149,-0.065,26.8,0,,
2013,9,00-0030274,Myles White,WR,1.8,-16.44,-7.5,-0.1678,-0.0785,26.8,0,,
2013,9,00-0028091,Jeremy Kerley,WR,1.1,-17.14,-8.2,-0.1745,-0.0857,26.8,0,,
2013,9,00-0030516,Brice Butler,WR,0.0,-18.24,-9.3,-0.1849,-0.097,26.8,0,,
2013,9,00-0030047,Marquess Wilson,WR,0.0,-18.24,-9.3,-0.1849,-0.097,26.8,0,,
2013,9,00-0024408,Bruce Gradkowski,QB,0.0,-20.3,-6.96,-0.204,-0.0729,26.8,0,,
2013,9,00-0029604,Kirk Cousins,QB,0.0,-20.3,-6.96,-0.204,-0.0729,26.8,0,,
2013,9,00-0026266,Lavelle Hawkins,WR,0.0,-18.24,-9.3,-0.1849,-0.097,26.8,0,,
2013,9,00-0028651,Michael McNeill,TE,0.0,-16.59,-8.3,-0.1693,-0.0867,26.8,0,,
2013,9,00-0028352,Dane Sanzenbacher,WR,0.0,-18.24,-9.3,-0.1849,-0.097,26.8,0,,
2013,9,00-0027069,Chase Coffman,TE,0.0,-16.59,-8.3,-0.1693,-0.0867,26.8,0,,
2013,9,00-0022943,Benjamin Watson,TE,0.0,-16.59,-8.3,-0.1693,-0.0867,26.8,0,,
2013,9,00-0024240,Santonio Holmes,WR,0.0,-18.24,-9.3,-0.1849,-0.097,26.8,0,,
2013,9,00-0028841,William Johnson,RB,0.0,-19.28,-9.0,-0.1947,-0.0939,26.8,0,,
2013,9,00-0029205,Travaris Cadet,RB,0.0,-19.28,-9.0,-0.1947,-0.0939,26.8,0,,
2013,9,00-0027753,Andrew Quarless,TE,10.9,-5.69,2.6,-0.0597,0.0274,26.8,1,,
2013,9,00-0029668,Andrew Luck,QB,24.84,4.54,17.88,0.0477,0.1815,26.8,1,,
2013,9,00-0024813,Charles Thomas,RB,16.0,-3.28,7.0,-0.0345,0.0733,26.8,1,,
2013,9,00-0025394,Adrian Peterson,RB,26.7,7.42,17.7,0.0776,0.1798,26.8,1,,
2013,9,00-0027939,Cameron Newton,QB,18.16,-2.14,11.2,-0.0225,0.1163,26.8,1,,
2013,9,00-0027981,Kyle Rudolph,TE,12.5,-4.09,4.2,-0.043,0.0441,26.8,1,,
2013,9,00-0026345,Pierre Garcon,WR,24.2,5.96,14.9,0.0625,0.153,26.8,1,,
2013,9,00-0030068,Marquise Goodwin,WR,14.4,-3.84,5.1,-0.0404,0.0536,26.8,1,,
2013,9,00-0029137,Alshon Jeffery,WR,17.1,-1.14,7.8,-0.012,0.0816,26.8,1,,
2013,9,00-0028112,Charles Clay,TE,8.0,-8.59,-0.3,-0.0897,-0.0032,26.8,0,,
2013,9,00-0027077,Brian Hartline,WR,6.9,-11.34,-2.4,-0.1177,-0.0253,26.8,0,,
2013,9,00-0027985,Lance Kendricks,TE,5.8,-10.79,-2.5,-0.1121,-0.0263,26.8,0,,
2013,9,00-0023176,Joshua Cribbs,WR,4.8,-13.44,-4.5,-0.1386,-0.0473,26.8,0,,
2013,9,00-0029239,Brandon Bolden,RB,3.6,-15.68,-5.4,-0.1606,-0.0567,26.8,0,,
2013,9,00-0027322,David Nelson,WR,2.9,-15.34,-6.4,-0.1572,-0.0671,26.8,0,,
2013,9,00-0027150,Julian Edelman,WR,2.1,-16.14,-7.2,-0.165,-0.0754,26.8,0,,
2013,9,00-0027675,Edward Dickson,TE,1.8,-14.79,-6.5,-0.1519,-0.0681,26.8,0,,
2013,9,00-0030525,Tavon Austin,WR,0.6,-17.64,-8.7,-0.1793,-0.0908,26.8,0,,
2013,9,00-0030544,Gavin Escobar,TE,0.0,-16.59,-8.3,-0.1693,-0.0867,26.8,0,,
2013,9,00-0028198,Matthew Asiata,RB,0.0,-19.28,-9.0,-0.1947,-0.0939,26.8,0,,
2013,9,00-0030181,John Doyle,TE,0.0,-16.59,-8.3,-0.1693,-0.0867,26.8,0,,
2013,9,00-0026855,Antone Smith,RB,0.0,-19.28,-9.0,-0.1947,-0.0939,26.8,0,,
2013,9,00-0029414,Orson Charles,TE,0.0,-16.59,-8.3,-0.1693,-0.0867,26.8,0,,
2013,9,00-0024272,Devin Hester,WR,0.0,-18.24,-9.3,-0.1849,-0.097,26.8,0,,
2013,9,00-0028115,Evan Royster,RB,0.0,-19.28,-9.0,-0.1947,-0.0939,26.8,0,,
2013,9,00-0025701,Ewart Battle,RB,0.0,-19.28,-9.0,-0.1947,-0.0939,26.8,0,,
2013,9,00-0029934,Rodney Smith,WR,0.0,-18.24,-9.3,-0.1849,-0.097,26.8,0,,
2013,9,00-0027796,Joseph Webb,QB,0.0,-20.3,-6.96,-0.204,-0.0729,26.8,0,,
2013,9,00-0028063,Taiwan Jones,RB,0.0,-19.28,-9.0,-0.1947,-0.0939,26.8,0,,
2013,9,00-0024324,Jason Avant,WR,0.0,-18.24,-9.3,-0.1849,-0.097,26.8,0,,
2013,9,00-0026364,Steven Johnson,WR,9.6,-8.64,0.3,-0.0902,0.0032,26.8,1,,
2013,9,00-0028986,Casey Keenum,QB,28.6,8.3,21.64,0.0867,0.2161,26.8,1,,
2013,9,00-0024204,Fredrick Jackson,RB,10.9,-8.38,1.9,-0.0876,0.02,26.8,1,,
2013,9,00-0028009,DeMarco Murray,RB,11.0,-8.28,2.0,-0.0866,0.0211,26.8,1,,
2013,9,00-0030520,Michael Glennon,QB,16.02,-4.28,9.06,-0.045,0.0945,26.8,1,,
2013,9,00-0025418,Greg Olsen,TE,18.6,2.01,10.3,0.0212,0.1072,26.8,1,,
2013,9,00-0027793,Antonio Brown,WR,18.1,-0.14,8.8,-0.0015,0.0919,26.8,1,,
2013,9,00-0028825,Terrelle Pryor,WR,15.92,-2.32,6.62,-0.0244,0.0694,26.8,1,,
2013,9,00-0024267,Gregory Jennings,WR,11.6,-6.64,2.3,-0.0696,0.0242,26.8,1,,
2013,9,00-0026281,Gary Barnidge,TE,7.9,-8.69,-0.4,-0.0907,-0.0042,26.8,0,,
2013,9,00-0026195,Raymell Rice,RB,6.8,-12.48,-2.2,-0.1291,-0.0232,26.8,0,,
2013,9,00-0029731,Foswhitt Whittaker,RB,5.4,-13.88,-3.6,-0.143,-0.0379,26.8,0,,
2013,9,00-0027709,Jacoby Ford,WR,4.8,-13.44,-4.5,-0.1386,-0.0473,26.8,0,,
2013,9,00-0024268,Anthony Fasano,TE,3.5,-13.09,-4.8,-0.1352,-0.0504,26.8,0,,
2013,9,00-0028064,Bilal Powell,RB,2.9,-16.38,-6.1,-0.1673,-0.064,26.8,0,,
2013,9,00-0026983,Darrius Heyward-Bey,WR,2.1,-16.14,-7.2,-0.165,-0.0754,26.8,0,,
2013,9,00-0026262,Tashard Choice,RB,1.7,-17.58,-7.3,-0.1787,-0.0764,26.8,0,,
2013,9,00-0030533,Matthew Barkley,QB,0.32,-19.98,-6.64,-0.2011,-0.0696,26.8,0,,
2013,9,00-0028905,Christopher Owusu,WR,0.0,-18.24,-9.3,-0.1849,-0.097,26.8,0,,
2013,9,00-0030433,Michael Gillislee,RB,0.0,-19.28,-9.0,-0.1947,-0.0939,26.8,0,,
2013,9,00-0029438,Christopher Polk,RB,0.0,-19.28,-9.0,-0.1947,-0.0939,26.8,0,,
2013,9,00-0030422,Dion Sims,TE,0.0,-16.59,-8.3,-0.1693,-0.0867,26.8,0,,
2013,9,00-0029791,Ronnie Wingo,RB,0.0,-19.28,-9.0,-0.1947,-0.0939,26.8,0,,
2013,9,00-0024345,Domenik Hixon,WR,0.0,-18.24,-9.3,-0.1849,-0.097,26.8,0,,
2013,9,00-0024296,Charlie Whitehurst,QB,0.0,-20.3,-6.96,-0.204,-0.0729,26.8,0,,
2013,9,00-0029384,Bobby Rainey,RB,0.0,-19.28,-9.0,-0.1947,-0.0939,26.8,0,,
2013,9,00-0030348,Khiry Robinson,RB,0.0,-19.28,-9.0,-0.1947,-0.0939,26.8,0,,
2013,9,00-0028453,Patrick Devlin,QB,0.0,-20.3,-6.96,-0.204,-0.0729,26.8,0,,
2013,9,00-0024535,Eric Weems,WR,0.0,-18.24,-9.3,-0.1849,-0.097,26.8,0,,
2013,9,00-0028238,Konrad Reuland,TE,0.0,-16.59,-8.3,-0.1693,-0.0867,26.8,0,,
2013,10,00-0024243,Marcedes Lewis,TE,8.4,-5.92,0.3,-0.071,0.0036,23.4,1,,
2013,10,00-0010346,Peyton Manning,QB,27.1,10.11,19.1,0.1201,0.2183,23.4,1,,
2013,10,00-0023500,Franklin Gore,RB,12.3,-2.81,5.6,-0.0339,0.0672,23.4,1,,
2013,10,00-0027864,Ryan Mathews,RB,13.1,-2.01,6.4,-0.0243,0.0767,23.4,1,,
2013,10,00-0022942,Philip Rivers,QB,12.42,-4.57,4.42,-0.055,0.0532,23.4,1,,
2013,10,00-0024389,Hubert Walker,TE,18.2,3.88,10.1,0.0467,0.12,23.4,1,,
2013,10,00-0022811,Jerricho Cotchery,WR,11.1,-6.56,2.9,-0.0787,0.0349,23.4,1,,
2013,10,00-0027874,Demaryius Thomas,WR,35.8,18.14,27.6,0.2083,0.2981,23.4,1,,
2013,10,00-0029262,Rueben Randle,WR,14.0,-3.66,5.8,-0.0441,0.0696,23.4,1,,
2013,10,00-0029778,Darius Johnson,WR,8.2,-9.46,0.0,-0.1127,0.0,23.4,0,,
2013,10,00-0029614,Christopher Givens,WR,7.4,-10.26,-0.8,-0.1219,-0.0097,23.4,0,,
2013,10,00-0029673,DeVier Posey,WR,6.4,-11.26,-1.8,-0.1333,-0.0217,23.4,0,,
2013,10,00-0026182,William Royal,WR,5.6,-12.06,-2.6,-0.1424,-0.0313,23.4,0,,
2013,10,00-0027786,Jonathan Dwyer,RB,5.1,-10.01,-1.6,-0.119,-0.0193,23.4,0,,
2013,10,00-0025460,Jacoby Jones,WR,3.7,-13.96,-4.5,-0.1636,-0.0541,23.4,0,,
2013,10,00-0029615,Lamar Miller,RB,3.1,-12.01,-3.6,-0.1418,-0.0434,23.4,0,,
2013,10,00-0023310,Lance Moore,WR,2.4,-15.26,-5.8,-0.1778,-0.0696,23.4,0,,
2013,10,00-0030522,Montee Ball,RB,2.0,-13.11,-4.7,-0.1542,-0.0565,23.4,0,,
2013,10,00-0024221,Vernon Davis,TE,1.7,-12.62,-6.4,-0.1486,-0.0767,23.4,0,,
2013,10,00-0007091,Matthew Hasselbeck,QB,0.62,-16.37,-7.38,-0.1898,-0.0883,23.4,0,,
2013,10,00-0028905,Christopher Owusu,WR,0.0,-17.66,-8.2,-0.2034,-0.0979,23.4,0,,
2013,10,00-0028792,Kevin Cone,WR,0.0,-17.66,-8.2,-0.2034,-0.0979,23.4,0,,
2013,10,00-0024408,Bruce Gradkowski,QB,0.0,-16.99,-8.0,-0.1964,-0.0956,23.4,0,,
2013,10,00-0029604,Kirk Cousins,QB,0.0,-16.99,-8.0,-0.1964,-0.0956,23.4,0,,
2013,10,00-0029276,Evan Rodriguez,TE,0.0,-14.32,-8.1,-0.1675,-0.0968,23.4,0,,
2013,10,00-0030061,Zachary Ertz,TE,0.0,-14.32,-8.1,-0.1675,-0.0968,23.4,0,,
2013,10,00-0030288,Michael Burkhead,RB,0.0,-15.11,-6.7,-0.1762,-0.0803,23.4,0,,
2013,10,00-0025425,Zachary Miller,TE,0.0,-14.32,-8.1,-0.1675,-0.0968,23.4,0,,
2013,10,00-0020245,Michael Vick,QB,0.0,-16.99,-8.0,-0.1964,-0.0956,23.4,0,,
2013,10,00-0030394,Zac Dysert,QB,0.0,-16.99,-8.0,-0.1964,-0.0956,23.4,0,,
2013,10,00-0027779,Deji Karim,RB,0.0,-15.11,-6.7,-0.1762,-0.0803,23.4,0,,
2013,10,00-0029868,Skye Dawson,WR,0.0,-17.66,-8.2,-0.2034,-0.0979,23.4,0,,
2013,10,00-0023578,Daniel Orlovsky,QB,0.0,-16.99,-8.0,-0.1964,-0.0956,23.4,0,,
2013,10,00-0029260,LaMichael James,RB,-0.1,-15.21,-6.8,-0.1773,-0.0815,23.4,0,,
2013,10,00-0027890,Benjamin Tate,RB,9.4,-5.71,2.7,-0.0686,0.0325,23.4,1,,
2013,10,00-0027973,Andrew Dalton,QB,15.16,-1.83,7.16,-0.0221,0.0857,23.4,1,,
2013,10,00-0027155,Rashad Jennings,RB,12.7,-2.41,6.0,-0.0291,0.072,23.4,1,,
2013,10,00-0025394,Adrian Peterson,RB,21.7,6.59,15.0,0.0789,0.175,23.4,1,,
2013,10,00-0026143,Matthew Ryan,QB,12.38,-4.61,4.38,-0.0555,0.0527,23.4,1,,
2013,10,00-0030549,Tyler Eifert,TE,10.0,-4.32,1.9,-0.052,0.0229,23.4,1,,
2013,10,00-0027005,Hakeem Nicks,WR,8.9,-8.76,0.7,-0.1045,0.0084,23.4,1,,
2013,10,00-0027758,Riley Cooper,WR,25.2,7.54,17.0,0.0901,0.1964,23.4,1,,
2013,10,00-0027691,Andre Roberts,WR,18.2,0.54,10.0,0.0065,0.1188,23.4,1,,
2013,10,00-0027690,Eric Decker,WR,8.2,-9.46,0.0,-0.1127,0.0,23.4,0,,
2013,10,00-0027675,Edward Dickson,TE,7.3,-7.02,-0.8,-0.0841,-0.0097,23.4,0,,
2013,10,00-0029264,Bernard Pierce,RB,6.3,-8.81,-0.4,-0.1051,-0.0048,23.4,0,,
2013,10,00-0029632,Mohamed Sanu,WR,5.6,-12.06,-2.6,-0.1424,-0.0313,23.4,0,,
2013,10,00-0022736,Steven Jackson,RB,5.0,-10.11,-1.7,-0.1202,-0.0205,23.4,0,,
2013,10,00-0025860,BenJarvus Green-Ellis,RB,3.6,-11.51,-3.1,-0.1362,-0.0373,23.4,0,,
2013,10,00-0027259,Jacob Ballard,TE,3.0,-11.32,-5.1,-0.134,-0.0613,23.4,0,,
2013,10,00-0027825,James Dray,TE,2.4,-11.92,-5.7,-0.1408,-0.0684,23.4,0,,
2013,10,00-0030400,Marlon Brown,WR,2.0,-15.66,-6.2,-0.1822,-0.0744,23.4,0,,
2013,10,00-0029432,Jordan Ford,TE,1.7,-12.62,-6.4,-0.1486,-0.0767,23.4,0,,
2013,10,00-0030282,Stepfan Taylor,RB,0.6,-14.51,-6.1,-0.1697,-0.0732,23.4,0,,
2013,10,00-0030078,Johnathan Franklin,RB,0.0,-15.11,-6.7,-0.1762,-0.0803,23.4,0,,
2013,10,00-0030047,Marquess Wilson,WR,0.0,-17.66,-8.2,-0.2034,-0.0979,23.4,0,,
2013,10,00-0029854,Cortrelle Anderson,RB,0.0,-15.11,-6.7,-0.1762,-0.0803,23.4,0,,
2013,10,00-0026855,Antone Smith,RB,0.0,-15.11,-6.7,-0.1762,-0.0803,23.4,0,,
2013,10,00-0027583,Richard Brockel,TE,0.0,-14.32,-8.1,-0.1675,-0.0968,23.4,0,,
2013,10,00-0026931,McKenna Pascoe,TE,0.0,-14.32,-8.1,-0.1675,-0.0968,23.4,0,,
2013,10,00-0029098,Eric Page,WR,0.0,-17.66,-8.2,-0.2034,-0.0979,23.4,0,,
2013,10,00-0028115,Evan Royster,RB,0.0,-15.11,-6.7,-0.1762,-0.0803,23.4,0,,
2013,10,00-0030431,Robert Woods,WR,0.0,-17.66,-8.2,-0.2034,-0.0979,23.4,0,,
2013,10,00-0027775,Russell Smith,QB,0.0,-16.99,-8.0,-0.1964,-0.0956,23.4,0,,
2013,10,00-0028453,Patrick Devlin,QB,0.0,-16.99,-8.0,-0.1964,-0.0956,23.4,0,,
2013,10,00-0028841,William Johnson,RB,0.0,-15.11,-6.7,-0.1762,-0.0803,23.4,0,,
2013,10,00-0026144,Darren McFadden,RB,0.0,-15.11,-6.7,-0.1762,-0.0803,23.4,0,,
2013,10,00-0028000,Daniel Thomas,RB,-0.2,-15.31,-6.9,-0.1784,-0.0827,23.4,0,,
2013,10,00-0030578,Cordarrelle Patterson,RB,10.2,-4.91,3.5,-0.0591,0.0422,23.4,1,,
2013,10,00-0028986,Casey Keenum,QB,19.34,2.35,11.34,0.0283,0.1342,23.4,1,,
2013,10,00-0028083,Jacquizz Rodgers,RB,10.9,-4.21,4.2,-0.0507,0.0505,23.4,1,,
2013,10,00-0024242,DeAngelo Williams,RB,10.6,-4.51,3.9,-0.0543,0.0469,23.4,1,,
2013,10,00-0021678,Antonio Romo,QB,9.12,-7.87,1.12,-0.0941,0.0135,23.4,1,,
2013,10,00-0021547,Antonio Gates,TE,12.2,-2.12,4.1,-0.0255,0.0493,23.4,1,,
2013,10,00-0030085,Kenneth Stills,WR,16.5,-1.16,8.3,-0.014,0.0991,23.4,1,,
2013,10,00-0026176,Jordy Nelson,WR,11.6,-6.06,3.4,-0.0728,0.041,23.4,1,,
2013,10,00-0030525,Tavon Austin,WR,34.2,16.54,26.0,0.1915,0.2842,23.4,1,,
2013,10,00-0028112,Charles Clay,TE,8.1,-6.22,0.0,-0.0746,0.0,23.4,0,,
2013,10,00-0030520,Michael Glennon,QB,7.26,-9.73,-0.74,-0.1158,-0.0089,23.4,0,,
2013,10,00-0022803,Elisha Manning,QB,6.3,-10.69,-1.7,-0.1268,-0.0205,23.4,0,,
2013,10,00-0029634,James Hanna,TE,5.6,-8.72,-2.5,-0.104,-0.0301,23.4,0,,
2013,10,00-0027718,Garrett Graham,TE,4.8,-9.52,-3.3,-0.1133,-0.0398,23.4,0,,
2013,10,00-0023437,Ronnie Brown,RB,3.6,-11.51,-3.1,-0.1362,-0.0373,23.4,0,,
2013,10,00-0023462,Sharod White,WR,3.0,-14.66,-5.2,-0.1713,-0.0625,23.4,0,,
2013,10,00-0027202,Michael Palmer,TE,2.3,-12.02,-5.8,-0.1419,-0.0696,23.4,0,,
2013,10,00-0022943,Benjamin Watson,TE,2.0,-12.32,-6.1,-0.1453,-0.0732,23.4,0,,
2013,10,00-0026162,Felix Jones,RB,1.6,-13.51,-5.1,-0.1586,-0.0613,23.4,0,,
2013,10,00-0027888,Tobinbo Gerhart,RB,0.4,-14.71,-6.3,-0.1719,-0.0756,23.4,0,,
2013,10,00-0028442,Ricardo Lockette,WR,0.0,-17.66,-8.2,-0.2034,-0.0979,23.4,0,,
2013,10,00-0028198,Matthew Asiata,RB,0.0,-15.11,-6.7,-0.1762,-0.0803,23.4,0,,
2013,10,00-0030181,John Doyle,TE,0.0,-14.32,-8.1,-0.1675,-0.0968,23.4,0,,
2013,10,00-0030422,Dion Sims,TE,0.0,-14.32,-8.1,-0.1675,-0.0968,23.4,0,,
2013,10,00-0027006,Kenneth Britt,WR,0.0,-17.66,-8.2,-0.2034,-0.0979,23.4,0,,
2013,10,00-0026644,Josh Vaughan,RB,0.0,-15.11,-6.7,-0.1762,-0.0803,23.4,0,,
2013,10,00-0030128,Michael Cox,RB,0.0,-15.11,-6.7,-0.1762,-0.0803,23.4,0,,
2013,10,00-0024296,Charlie Whitehurst,QB,0.0,-16.99,-8.0,-0.1964,-0.0956,23.4,0,,
2013,10,00-0030465,Kenjon Barner,RB,0.0,-15.11,-6.7,-0.1762,-0.0803,23.4,0,,
2013,10,00-0030107,Theodore Riddick,RB,0.0,-15.11,-6.7,-0.1762,-0.0803,23.4,0,,
2013,10,00-0030292,Brad Sorensen,QB,0.0,-16.99,-8.0,-0.1964,-0.0956,23.4,0,,
2013,10,00-0030077,Christopher Harper,WR,0.0,-17.66,-8.2,-0.2034,-0.0979,23.4,0,,
2013,10,00-0029205,Travaris Cadet,RB,0.0,-15.11,-6.7,-0.1762,-0.0803,23.4,0,,
2013,10,00-0022864,Luke McCown,QB,-0.2,-17.19,-8.2,-0.1985,-0.0979,23.4,0,,
2013,10,00-0026164,Christopher Johnson,RB,10.3,-4.81,3.6,-0.0579,0.0434,23.4,1,,
2013,10,00-0029567,Nicholas Foles,QB,22.92,5.93,14.92,0.0711,0.1741,23.4,1,,
2013,10,00-0024813,Charles Thomas,RB,30.1,14.99,23.4,0.1748,0.2604,23.4,1,,
2013,10,00-0027966,Mark Ingram,RB,24.0,8.89,17.3,0.1059,0.1996,23.4,1,,
2013,10,00-0025465,James Jones,WR,8.4,-9.26,0.2,-0.1103,0.0024,23.4,1,,
2013,10,00-0026178,John Carlson,TE,26.3,11.98,18.2,0.1415,0.209,23.4,1,,
2013,10,00-0020337,Stevonne Smith,WR,12.3,-5.36,4.1,-0.0644,0.0493,23.4,1,,
2013,10,00-0027793,Antonio Brown,WR,16.4,-1.26,8.2,-0.0153,0.0979,23.4,1,,
2013,10,00-0026186,Jerome Simpson,WR,8.5,-9.16,0.3,-0.1092,0.0036,23.4,1,,
2013,10,00-0030279,Keenan Allen,WR,8.1,-9.56,-0.1,-0.1138,-0.0012,23.4,0,,
2013,10,00-0030521,Justin Hunter,WR,7.1,-10.56,-1.1,-0.1253,-0.0133,23.4,0,,
2013,10,00-0028052,Cecil Shorts,WR,6.2,-11.46,-2.0,-0.1356,-0.0241,23.4,0,,
2013,10,00-0026901,Burnell Wallace,WR,5.5,-12.16,-2.7,-0.1435,-0.0325,23.4,0,,
2013,10,00-0024267,Gregory Jennings,WR,4.8,-12.86,-3.4,-0.1514,-0.041,23.4,0,,
2013,10,00-0029910,Timothy Wright,TE,3.4,-10.92,-4.7,-0.1294,-0.0565,23.4,0,,
2013,10,00-0026210,Earl Bennett,WR,3.0,-14.66,-5.2,-0.1713,-0.0625,23.4,0,,
2013,10,00-0027753,Andrew Quarless,TE,2.3,-12.02,-5.8,-0.1419,-0.0696,23.4,0,,
2013,10,00-0028142,Virgil Green,TE,1.9,-12.42,-6.2,-0.1464,-0.0744,23.4,0,,
2013,10,00-0029129,Rod Streater,WR,1.6,-16.06,-6.6,-0.1865,-0.0791,23.4,0,,
2013,10,00-0027135,Brandon Myers,TE,0.0,-14.32,-8.1,-0.1675,-0.0968,23.4,0,,
2013,10,00-0029441,Jeremy Stewart,RB,0.0,-15.11,-6.7,-0.1762,-0.0803,23.4,0,,
2013,10,00-0030433,Michael Gillislee,RB,0.0,-15.11,-6.7,-0.1762,-0.0803,23.4,0,,
2013,10,00-0029438,Christopher Polk,RB,0.0,-15.11,-6.7,-0.1762,-0.0803,23.4,0,,
2013,10,00-0028270,Weslye Saunders,TE,0.0,-14.32,-8.1,-0.1675,-0.0968,23.4,0,,
2013,10,00-0030091,Tavarres King,WR,0.0,-17.66,-8.2,-0.2034,-0.0979,23.4,0,,
2013,10,00-0028651,Michael McNeill,TE,0.0,-14.32,-8.1,-0.1675,-0.0968,23.4,0,,
2013,10,00-0030586,Ryan Nassib,QB,0.0,-16.99,-8.0,-0.1964,-0.0956,23.4,0,,
2013,10,00-0030272,Jacob Stoneburner,TE,0.0,-14.32,-8.1,-0.1675,-0.0968,23.4,0,,
2013,10,00-0028795,Chase Reynolds,RB,0.0,-15.11,-6.7,-0.1762,-0.0803,23.4,0,,
2013,10,00-0028581,Patrick DiMarco,RB,0.0,-15.11,-6.7,-0.1762,-0.0803,23.4,0,,
2013,10,00-0027688,Daniel McCoy,QB,0.0,-16.99,-8.0,-0.1964,-0.0956,23.4,0,,
2013,10,00-0028063,Taiwan Jones,RB,0.0,-15.11,-6.7,-0.1762,-0.0803,23.4,0,,
2013,10,00-0026237,Andre Caldwell,WR,0.0,-17.66,-8.2,-0.2034,-0.0979,23.4,0,,
2013,10,00-0030547,Denard Robinson,RB,-0.7,-15.81,-7.4,-0.1838,-0.0885,23.4,0,,
2013,10,00-0026201,Martellus Bennett,TE,8.9,-5.42,0.8,-0.0651,0.0097,23.4,1,,
2013,10,00-0024264,Kellen Clemens,QB,16.08,-0.91,8.08,-0.011,0.0965,23.4,1,,
2013,10,00-0028009,DeMarco Murray,RB,16.5,1.39,9.8,0.0167,0.1165,23.4,1,,
2013,10,00-0027094,Andre Brown,RB,18.9,3.79,12.2,0.0456,0.1439,23.4,1,,
2013,10,00-0022924,Benjamin Roethlisberger,QB,9.16,-7.83,1.16,-0.0937,0.014,23.4,1,,
2013,10,00-0029601,Brandon Bostick,TE,14.7,0.38,6.6,0.0046,0.0791,23.4,1,,
2013,10,00-0026224,Harry Douglas,WR,9.9,-7.76,1.7,-0.0928,0.0205,23.4,1,,
2013,10,00-0029608,Eugene Hilton,WR,20.0,2.34,11.8,0.0282,0.1394,23.4,1,,
2013,10,00-0026345,Pierre Garcon,WR,24.9,7.24,16.7,0.0866,0.1933,23.4,1,,
2013,10,00-0026158,Joseph Flacco,QB,8.0,-8.99,0.0,-0.1072,0.0,23.4,0,,
2013,10,00-0029588,Daniel Herron,RB,6.7,-8.41,0.0,-0.1004,0.0,23.4,0,,
2013,10,00-0026899,Shonn Greene,RB,6.2,-8.91,-0.5,-0.1063,-0.006,23.4,0,,
2013,10,00-0027902,Desmond Bryant,WR,5.4,-12.26,-2.8,-0.1447,-0.0337,23.4,0,,
2013,10,00-0028249,Jeremy Ross,WR,4.8,-12.86,-3.4,-0.1514,-0.041,23.4,0,,
2013,10,00-0030089,Luke Willson,TE,3.4,-10.92,-4.7,-0.1294,-0.0565,23.4,0,,
2013,10,00-0028958,Cory Harkey,TE,2.9,-11.42,-5.2,-0.1351,-0.0625,23.4,0,,
2013,10,00-0027109,James Casey,TE,2.3,-12.02,-5.8,-0.1419,-0.0696,23.4,0,,
2013,10,00-0029293,Marvin Jones,WR,1.9,-15.76,-6.3,-0.1832,-0.0756,23.4,0,,
2013,10,00-0027608,Kyle Williams,WR,1.5,-16.16,-6.7,-0.1875,-0.0803,23.4,0,,
2013,10,00-0028016,Austin Pettis,WR,0.0,-17.66,-8.2,-0.2034,-0.0979,23.4,0,,
2013,10,00-0027139,John Phillips,TE,0.0,-14.32,-8.1,-0.1675,-0.0968,23.4,0,,
2013,10,00-0027893,Damian Williams,WR,0.0,-17.66,-8.2,-0.2034,-0.0979,23.4,0,,
2013,10,00-0023921,Miles Austin,WR,0.0,-17.66,-8.2,-0.2034,-0.0979,23.4,0,,
2013,10,00-0029492,Jamize Olawale,RB,0.0,-15.11,-6.7,-0.1762,-0.0803,23.4,0,,
2013,10,00-0023459,Aaron Rodgers,QB,0.0,-16.99,-8.0,-0.1964,-0.0956,23.4,0,,
2013,10,00-0024272,Devin Hester,WR,0.0,-17.66,-8.2,-0.2034,-0.0979,23.4,0,,
2013,10,00-0028903,Garrett Celek,TE,0.0,-14.32,-8.1,-0.1675,-0.0968,23.4,0,,
2013,10,00-0026780,Kevin Ogletree,WR,0.0,-17.66,-8.2,-0.2034,-0.0979,23.4,0,,
2013,10,00-0028105,Ryan Whalen,WR,0.0,-17.66,-8.2,-0.2034,-0.0979,23.4,0,,
2013,10,00-0027346,Alfonso Smith,RB,0.0,-15.11,-6.7,-0.1762,-0.0803,23.4,0,,
2013,10,00-0030024,Jeffrey Tuel,QB,0.0,-16.99,-8.0,-0.1964,-0.0956,23.4,0,,
2013,10,00-0029175,Jacob Byrne,TE,0.0,-14.32,-8.1,-0.1675,-0.0968,23.4,0,,
2013,10,00-0026267,Jacob Tamme,TE,0.0,-14.32,-8.1,-0.1675,-0.0968,23.4,0,,
2013,10,00-0028053,Kendall Hunter,RB,-1.2,-16.31,-7.9,-0.1891,-0.0944,23.4,0,,
2013,10,00-0026184,Matthew Forte,RB,8.9,-6.21,2.2,-0.0745,0.0265,23.4,1,,
2013,10,00-0029701,Ryan Tannehill,QB,15.36,-1.63,7.36,-0.0197,0.0881,23.4,1,,
2013,10,00-0030496,Le'Veon Bell,RB,18.6,3.49,11.9,0.042,0.1405,23.4,1,,
2013,10,00-0027003,Donald Brown,RB,17.3,2.19,10.6,0.0263,0.1257,23.4,1,,
2013,10,00-0030526,Erik Manuel,QB,9.9,-7.09,1.9,-0.0849,0.0229,23.4,1,,
2013,10,00-0028067,Julius Thomas,TE,20.1,5.78,12.0,0.0694,0.1417,23.4,1,,
2013,10,00-0028017,Leonard Hankerson,WR,11.1,-6.56,2.9,-0.0787,0.0349,23.4,1,,
2013,10,00-0027681,Brandon LaFell,WR,8.8,-8.86,0.6,-0.1057,0.0072,23.4,1,,
2013,10,00-0025389,Calvin Johnson,WR,26.3,8.64,18.1,0.103,0.208,23.4,1,,
2013,10,00-0026364,Steven Johnson,WR,7.8,-9.86,-0.4,-0.1173,-0.0048,23.4,0,,
2013,10,00-0027265,Victor Cruz,WR,6.7,-10.96,-1.5,-0.1299,-0.0181,23.4,0,,
2013,10,00-0028043,Roy Helu,RB,6.1,-9.01,-0.6,-0.1074,-0.0072,23.4,0,,
2013,10,00-0029572,Jarius Wright,WR,5.4,-12.26,-2.8,-0.1447,-0.0337,23.4,0,,
2013,10,00-0024324,Jason Avant,WR,4.5,-13.16,-3.7,-0.1547,-0.0446,23.4,0,,
2013,10,00-0030432,Christine Michael,RB,3.3,-11.81,-3.4,-0.1396,-0.041,23.4,0,,
2013,10,00-0025418,Greg Olsen,TE,2.9,-11.42,-5.2,-0.1351,-0.0625,23.4,0,,
2013,10,00-0020494,Santana Moss,WR,2.3,-15.36,-5.9,-0.1789,-0.0708,23.4,0,,
2013,10,00-0024345,Domenik Hixon,WR,1.9,-15.76,-6.3,-0.1832,-0.0756,23.4,0,,
2013,10,00-0029660,Trevor Graham,WR,1.5,-16.16,-6.7,-0.1875,-0.0803,23.4,0,,
2013,10,00-0030533,Matthew Barkley,QB,0.0,-16.99,-8.0,-0.1964,-0.0956,23.4,0,,
2013,10,00-0026262,Tashard Choice,RB,0.0,-15.11,-6.7,-0.1762,-0.0803,23.4,0,,
2013,10,00-0029091,Bradley Sowell,TE,0.0,-14.32,-8.1,-0.1675,-0.0968,23.4,0,,
2013,10,00-0028061,Tandon Doss,WR,0.0,-17.66,-8.2,-0.2034,-0.0979,23.4,0,,
2013,10,00-0030419,Matthew McGloin,QB,0.0,-16.99,-8.0,-0.1964,-0.0956,23.4,0,,
2013,10,00-0029234,Kellen Moore,QB,0.0,-16.99,-8.0,-0.1964,-0.0956,23.4,0,,
2013,10,00-0028097,Joseph Smith,TE,0.0,-14.32,-8.1,-0.1675,-0.0968,23.4,0,,
2013,10,00-0029682,Brock Osweiler,QB,0.0,-16.99,-8.0,-0.1964,-0.0956,23.4,0,,
2013,10,00-0029857,Ryan Griffin,QB,0.0,-16.99,-8.0,-0.1964,-0.0956,23.4,0,,
2013,10,00-0029934,Rodney Smith,WR,0.0,-17.66,-8.2,-0.2034,-0.0979,23.4,0,,
2013,10,00-0027964,Jonathan Baldwin,WR,0.0,-17.66,-8.2,-0.2034,-0.0979,23.4,0,,
2013,10,00-0026188,Frederick Davis,TE,0.0,-14.32,-8.1,-0.1675,-0.0968,23.4,0,,
2013,10,00-0030532,Stedman Bailey,WR,0.0,-17.66,-8.2,-0.2034,-0.0979,23.4,0,,
2013,10,00-0029108,Derek Moye,WR,0.0,-17.66,-8.2,-0.2034,-0.0979,23.4,0,,
2013,10,00-0027946,Jacob Locker,QB,-1.24,-18.23,-9.24,-0.2094,-0.1101,23.4,0,,
2013,10,00-0024204,Fredrick Jackson,RB,9.2,-5.91,2.5,-0.071,0.0301,23.4,1,,
2013,10,00-0023682,Ryan Fitzpatrick,QB,23.86,6.87,15.86,0.0823,0.1843,23.4,1,,
2013,10,00-0026988,Knowshon Moreno,RB,19.4,4.29,12.7,0.0516,0.1496,23.4,1,,
2013,10,00-0030456,Giovani Bernard,RB,23.5,8.39,16.8,0.1001,0.1943,23.4,1,,
2013,10,00-0021429,Carson Palmer,QB,13.44,-3.55,5.44,-0.0428,0.0653,23.4,1,,
2013,10,00-0030049,Christopher Gragg,TE,14.5,0.18,6.4,0.0022,0.0767,23.4,1,,
2013,10,00-0028825,Terrelle Pryor,WR,8.78,-8.88,0.58,-0.1059,0.007,23.4,1,,
2013,10,00-0030542,Terrance Williams,WR,9.1,-8.56,0.9,-0.1022,0.0109,23.4,1,,
2013,10,00-0027942,Adriel Green,WR,29.1,11.44,20.9,0.1353,0.2363,23.4,1,,
2013,10,00-0027685,Emmanuel Sanders,WR,7.8,-9.86,-0.4,-0.1173,-0.0048,23.4,0,,
2013,10,00-0025516,William Chandler,TE,6.6,-7.72,-1.5,-0.0923,-0.0181,23.4,0,,
2013,10,00-0026235,Mario Manningham,WR,6.0,-11.66,-2.2,-0.1379,-0.0265,23.4,0,,
2013,10,00-0022084,Anquan Boldin,WR,5.3,-12.36,-2.9,-0.1458,-0.0349,23.4,0,,
2013,10,00-0027218,Joique Bell,RB,4.1,-11.01,-2.6,-0.1305,-0.0313,23.4,0,,
2013,10,00-0027708,Marcus Easley,WR,3.3,-14.36,-4.9,-0.168,-0.0589,23.4,0,,
2013,10,00-0030068,Marquise Goodwin,WR,2.9,-14.76,-5.3,-0.1724,-0.0637,23.4,0,,
2013,10,00-0025549,Brent Celek,TE,2.2,-12.12,-5.9,-0.143,-0.0708,23.4,0,,
2013,10,00-0030274,Myles White,WR,1.9,-15.76,-6.3,-0.1832,-0.0756,23.4,0,,
2013,10,00-0027755,Brandon Reed,WR,1.2,-16.46,-7.0,-0.1907,-0.0838,23.4,0,,
2013,10,00-0027057,Brandon Tate,WR,0.0,-17.66,-8.2,-0.2034,-0.0979,23.4,0,,
2013,10,00-0030216,Joshua Hill,TE,0.0,-14.32,-8.1,-0.1675,-0.0968,23.4,0,,
2013,10,00-0027356,Marlon Moore,WR,0.0,-17.66,-8.2,-0.2034,-0.0979,23.4,0,,
2013,10,00-0029667,Nicholas Toon,WR,0.0,-17.66,-8.2,-0.2034,-0.0979,23.4,0,,
2013,10,00-0023630,Joel Dreessen,TE,0.0,-14.32,-8.1,-0.1675,-0.0968,23.4,0,,
2013,10,00-0026266,Lavelle Hawkins,WR,0.0,-17.66,-8.2,-0.2034,-0.0979,23.4,0,,
2013,10,00-0027606,Trindon Holliday,WR,0.0,-17.66,-8.2,-0.2034,-0.0979,23.4,0,,
2013,10,00-0029626,Isaiah Pead,RB,0.0,-15.11,-6.7,-0.1762,-0.0803,23.4,0,,
2013,10,00-0030147,Russell Shepard,WR,0.0,-17.66,-8.2,-0.2034,-0.0979,23.4,0,,
2013,10,00-0030388,Joseph Randle,RB,0.0,-15.11,-6.7,-0.1762,-0.0803,23.4,0,,
2013,10,00-0030470,Vance McDonald,TE,0.0,-14.32,-8.1,-0.1675,-0.0968,23.4,0,,
2013,10,00-0028838,Larry Donnell,TE,0.0,-14.32,-8.1,-0.1675,-0.0968,23.4,0,,
2013,10,00-0024535,Eric Weems,WR,0.0,-17.66,-8.2,-0.2034,-0.0979,23.4,0,,
2013,10,00-0027873,Jermaine Gresham,TE,0.0,-14.32,-8.1,-0.1675,-0.0968,23.4,0,,
2013,10,00-0027918,Andrew Hawkins,WR,-1.3,-18.96,-9.5,-0.2169,-0.1131,23.4,0,,
2013,10,00-0025439,Brian Leonard,RB,9.3,-5.81,2.6,-0.0698,0.0313,23.4,1,,
2013,10,00-0029665,Robert Griffin,QB,27.64,10.65,19.64,0.1263,0.2237,23.4,1,,
2013,10,00-0024217,Reginald Bush,RB,14.3,-0.81,7.6,-0.0098,0.0909,23.4,1,,
2013,10,00-0026195,Raymell Rice,RB,11.6,-3.51,4.9,-0.0423,0.0589,23.4,1,,
2013,10,00-0024226,Jay Cutler,QB,12.0,-4.99,4.0,-0.06,0.0481,23.4,1,,
2013,10,00-0026996,Brandon Pettigrew,TE,14.5,0.18,6.4,0.0022,0.0767,23.4,1,,
2013,10,00-0024334,Brandon Marshall,WR,32.9,15.24,24.7,0.1775,0.2725,23.4,1,,
2013,10,00-0028434,Douglas Baldwin,WR,12.6,-5.06,4.4,-0.0609,0.0529,23.4,1,,
2013,10,00-0027996,James Smith,WR,15.6,-2.06,7.4,-0.0249,0.0885,23.4,1,,
2013,10,00-0030108,Ryan Griffin,TE,7.7,-6.62,-0.4,-0.0793,-0.0048,23.4,0,,
2013,10,00-0029033,Griffith Whalen,WR,6.6,-11.06,-1.6,-0.1311,-0.0193,23.4,0,,
2013,10,00-0029155,William Brown,WR,6.0,-11.66,-2.2,-0.1379,-0.0265,23.4,0,,
2013,10,00-0022921,Larry Fitzgerald,WR,5.3,-12.36,-2.9,-0.1458,-0.0349,23.4,0,,
2013,10,00-0026163,Rashard Mendenhall,RB,4.1,-11.01,-2.6,-0.1305,-0.0313,23.4,0,,
2013,10,00-0027974,Colin Kaepernick,QB,3.24,-13.75,-4.76,-0.1613,-0.0572,23.4,0,,
2013,10,00-0027725,Clayton Harbor,TE,2.8,-11.52,-5.3,-0.1362,-0.0637,23.4,0,,
2013,10,00-0029694,Michael Egnew,TE,2.2,-12.12,-5.9,-0.143,-0.0708,23.4,0,,
2013,10,00-0029273,Robert Turbin,RB,1.8,-13.31,-4.9,-0.1564,-0.0589,23.4,0,,
2013,10,00-0026367,Peyton Hillis,RB,1.1,-14.01,-5.6,-0.1642,-0.0672,23.4,0,,
2013,10,00-0022121,Rex Grossman,QB,0.0,-16.99,-8.0,-0.1964,-0.0956,23.4,0,,
2013,10,00-0027089,Louis Murphy,WR,0.0,-17.66,-8.2,-0.2034,-0.0979,23.4,0,,
2013,10,00-0026932,Cedric Peerman,RB,0.0,-15.11,-6.7,-0.1762,-0.0803,23.4,0,,
2013,10,00-0028116,Aldrick Robinson,WR,0.0,-17.66,-8.2,-0.2034,-0.0979,23.4,0,,
2013,10,00-0029004,Lance Dunbar,RB,0.0,-15.11,-6.7,-0.1762,-0.0803,23.4,0,,
2013,10,00-0029414,Orson Charles,TE,0.0,-14.32,-8.1,-0.1675,-0.0968,23.4,0,,
2013,10,00-0026300,Joshua Johnson,QB,0.0,-16.99,-8.0,-0.1964,-0.0956,23.4,0,,
2013,10,00-0026993,Josh Freeman,QB,0.0,-16.99,-8.0,-0.1964,-0.0956,23.4,0,,
2013,10,00-0029640,Brian Quick,WR,0.0,-17.66,-8.2,-0.2034,-0.0979,23.4,0,,
2013,10,00-0024103,Montell Owens,RB,0.0,-15.11,-6.7,-0.1762,-0.0803,23.4,0,,
2013,10,00-0029218,David Paulson,TE,0.0,-14.32,-8.1,-0.1675,-0.0968,23.4,0,,
2013,10,00-0030550,Tracy Sanders,WR,0.0,-17.66,-8.2,-0.2034,-0.0979,23.4,0,,
2013,10,00-0027134,Curtis Painter,QB,0.0,-16.99,-8.0,-0.1964,-0.0956,23.4,0,,
2013,10,00-0022847,Benjamin Hartsock,TE,0.0,-14.32,-8.1,-0.1675,-0.0968,23.4,0,,
2013,10,00-0029795,Benjamin Cunningham,RB,10.0,-5.11,3.3,-0.0615,0.0398,23.4,1,,
2013,10,00-0029263,Russell Wilson,QB,21.48,4.49,13.48,0.054,0.1583,23.4,1,,
2013,10,00-0029384,Bobby Rainey,RB,12.6,-2.51,5.9,-0.0303,0.0708,23.4,1,,
2013,10,00-0024275,Maurice Jones-Drew,RB,17.4,2.29,10.7,0.0276,0.1269,23.4,1,,
2013,10,00-0029590,Taylor Thompson,TE,8.4,-5.92,0.3,-0.071,0.0036,23.4,1,,
2013,10,00-0030472,Jordan Reed,TE,21.2,6.88,13.1,0.0824,0.154,23.4,1,,
2013,10,00-0029580,Rishard Matthews,WR,35.0,17.34,26.8,0.2,0.2912,23.4,1,,
2013,10,00-0022044,Andre Johnson,WR,20.7,3.04,12.5,0.0366,0.1473,23.4,1,,
2013,10,00-0024466,Marques Colston,WR,23.7,6.04,15.5,0.0724,0.1804,23.4,1,,
2013,10,00-0022165,Dallas Clark,TE,7.6,-6.72,-0.5,-0.0805,-0.006,23.4,0,,
2013,10,00-0029675,Trenton Richardson,RB,6.5,-8.61,-0.2,-0.1028,-0.0024,23.4,0,,
2013,10,00-0026983,Darrius Heyward-Bey,WR,6.0,-11.66,-2.2,-0.1379,-0.0265,23.4,0,,
2013,10,00-0027939,Cameron Newton,QB,5.26,-11.73,-2.74,-0.1387,-0.033,23.4,0,,
2013,10,00-0030391,Michael James,RB,4.1,-11.01,-2.6,-0.1305,-0.0313,23.4,0,,
2013,10,00-0027061,Jared Cook,TE,3.2,-11.12,-4.9,-0.1317,-0.0589,23.4,0,,
2013,10,00-0029000,Cole Beasley,WR,2.8,-14.86,-5.4,-0.1735,-0.0649,23.4,0,,
2013,10,00-0028174,Stephen Burton,WR,2.1,-15.56,-6.1,-0.1811,-0.0732,23.4,0,,
2013,10,00-0023506,Edwin Smith,TE,1.8,-12.52,-6.3,-0.1475,-0.0756,23.4,0,,
2013,10,00-0029429,Bryce Brown,RB,1.1,-14.01,-5.6,-0.1642,-0.0672,23.4,0,,
2013,10,00-0030516,Brice Butler,WR,0.0,-17.66,-8.2,-0.2034,-0.0979,23.4,0,,
2013,10,00-0021570,Kassim Osgood,WR,0.0,-17.66,-8.2,-0.2034,-0.0979,23.4,0,,
2013,10,00-0028093,Niles Paul,TE,0.0,-14.32,-8.1,-0.1675,-0.0968,23.4,0,,
2013,10,00-0027445,Jeron Mastrud,TE,0.0,-14.32,-8.1,-0.1675,-0.0968,23.4,0,,
2013,10,00-0028543,Jeffrey Maehl,WR,0.0,-17.66,-8.2,-0.2034,-0.0979,23.4,0,,
2013,10,00-0029791,Ronnie Wingo,RB,0.0,-15.11,-6.7,-0.1762,-0.0803,23.4,0,,
2013,10,00-0029683,Ronnie Hillman,RB,0.0,-15.11,-6.7,-0.1762,-0.0803,23.4,0,,
2013,10,00-0028352,Dane Sanzenbacher,WR,0.0,-17.66,-8.2,-0.2034,-0.0979,23.4,0,,
2013,10,00-0025542,Dante Rosario,TE,0.0,-14.32,-8.1,-0.1675,-0.0968,23.4,0,,
2013,10,00-0029183,Daniel Noble,TE,0.0,-14.32,-8.1,-0.1675,-0.0968,23.4,0,,
2013,10,00-0025592,Jordan Palmer,QB,0.0,-16.99,-8.0,-0.1964,-0.0956,23.4,0,,
2013,10,00-0030460,Markus Wheaton,WR,0.0,-17.66,-8.2,-0.2034,-0.0979,23.4,0,,
2013,10,00-0025487,Michael Bush,RB,0.0,-15.11,-6.7,-0.1762,-0.0803,23.4,0,,
2013,10,00-0023968,Micheal Spurlock,WR,0.0,-17.66,-8.2,-0.2034,-0.0979,23.4,0,,
2013,10,00-0027215,James Paulsen,TE,9.3,-5.02,1.2,-0.0603,0.0145,23.4,1,,
2013,10,00-0020531,Drew Brees,QB,31.68,14.69,23.68,0.1715,0.2631,23.4,1,,
2013,10,00-0030536,Zachary Stacy,RB,14.8,-0.31,8.1,-0.0038,0.0968,23.4,1,,
2013,10,00-0026019,Danny Woodhead,RB,14.4,-0.71,7.7,-0.0086,0.0921,23.4,1,,
2013,10,00-0028121,Jordan Todman,RB,8.3,-6.81,1.6,-0.0816,0.0193,23.4,1,,
2013,10,00-0028007,Robert Housler,TE,17.7,3.38,9.6,0.0407,0.1142,23.4,1,,
2013,10,00-0029159,Jermaine Kearse,WR,16.5,-1.16,8.3,-0.014,0.0991,23.4,1,,
2013,10,00-0027156,Tiquan Underwood,WR,9.4,-8.26,1.2,-0.0987,0.0145,23.4,1,,
2013,10,00-0027891,Golden Tate,WR,22.6,4.94,14.4,0.0593,0.1684,23.4,1,,
2013,10,00-0028086,Denarius Moore,WR,7.5,-10.16,-0.7,-0.1207,-0.0084,23.4,0,,
2013,10,00-0028020,Vincent Brown,WR,6.5,-11.16,-1.7,-0.1322,-0.0205,23.4,0,,
2013,10,00-0023367,Nathaniel Washington,WR,5.9,-11.76,-2.3,-0.139,-0.0277,23.4,0,,
2013,10,00-0030514,Mychal Rivera,TE,5.2,-9.12,-2.9,-0.1086,-0.0349,23.4,0,,
2013,10,00-0029883,Joseph Fauria,TE,4.0,-10.32,-4.1,-0.1225,-0.0493,23.4,0,,
2013,10,00-0030236,Dennis Johnson,RB,3.1,-12.01,-3.6,-0.1418,-0.0434,23.4,0,,
2013,10,00-0025414,Robert Meachem,WR,2.7,-14.96,-5.5,-0.1746,-0.0661,23.4,0,,
2013,10,00-0026225,Craig Stevens,TE,2.1,-12.22,-6.0,-0.1441,-0.072,23.4,0,,
2013,10,00-0028118,Tyrod Taylor,QB,1.8,-15.19,-6.2,-0.1771,-0.0744,23.4,0,,
2013,10,00-0028114,Dwayne Harris,WR,1.1,-16.56,-7.1,-0.1918,-0.085,23.4,0,,
2013,10,00-0030544,Gavin Escobar,TE,0.0,-14.32,-8.1,-0.1675,-0.0968,23.4,0,,
2013,10,00-0029435,Damaris Johnson,WR,0.0,-17.66,-8.2,-0.2034,-0.0979,23.4,0,,
2013,10,00-0028021,Jerrel Jernigan,WR,0.0,-17.66,-8.2,-0.2034,-0.0979,23.4,0,,
2013,10,00-0027253,Thaddeus Lewis,QB,0.0,-16.99,-8.0,-0.1964,-0.0956,23.4,0,,
2013,10,00-0023541,Kyle Orton,QB,0.0,-16.99,-8.0,-0.1964,-0.0956,23.4,0,,
2013,10,00-0028613,Phillip Tanner,RB,0.0,-15.11,-6.7,-0.1762,-0.0803,23.4,0,,
2013,10,00-0026878,Tom Crabtree,TE,0.0,-14.32,-8.1,-0.1675,-0.0968,23.4,0,,
2013,10,00-0028307,Andrew Davis,WR,0.0,-17.66,-8.2,-0.2034,-0.0979,23.4,0,,
2013,10,00-0027709,Jacoby Ford,WR,0.0,-17.66,-8.2,-0.2034,-0.0979,23.4,0,,
2013,10,00-0030348,Khiry Robinson,RB,0.0,-15.11,-6.7,-0.1762,-0.0803,23.4,0,,
2013,10,00-0029281,Adrien Robinson,TE,0.0,-14.32,-8.1,-0.1675,-0.0968,23.4,0,,
2013,10,00-0027581,Oluseyi Ajirotutu,WR,0.0,-17.66,-8.2,-0.2034,-0.0979,23.4,0,,
2013,10,00-0025708,Matthew Moore,QB,0.0,-16.99,-8.0,-0.1964,-0.0956,23.4,0,,
2013,10,00-0030450,Quinton Patton,WR,0.0,-17.66,-8.2,-0.2034,-0.0979,23.4,0,,
2013,10,00-0030287,Andre Ellington,RB,9.3,-5.81,2.6,-0.0698,0.0313,23.4,1,,
2013,10,00-0026498,John Stafford,QB,17.66,0.67,9.66,0.008,0.1149,23.4,1,,
2013,10,00-0027029,LeSean McCoy,RB,17.1,1.99,10.4,0.0239,0.1234,23.4,1,,
2013,10,00-0025399,Marshawn Lynch,RB,25.1,9.99,18.4,0.1187,0.2111,23.4,1,,
2013,10,00-0028595,Scott Tolzien,QB,13.1,-3.89,5.1,-0.0469,0.0613,23.4,1,,
2013,10,00-0029697,Jacoby Fleener,TE,11.3,-3.02,3.2,-0.0364,0.0386,23.4,1,,
2013,10,00-0026189,DeSean Jackson,WR,18.0,0.34,9.8,0.0041,0.1165,23.4,1,,
2013,10,00-0029708,Kendall Wright,WR,13.8,-3.86,5.6,-0.0465,0.0672,23.4,1,,
2013,10,00-0030564,DeAndre Hopkins,WR,12.9,-4.76,4.7,-0.0573,0.0565,23.4,1,,
2013,10,00-0028045,Kristopher Durham,WR,7.5,-10.16,-0.7,-0.1207,-0.0084,23.4,0,,
2013,10,00-0021206,Joshua McCown,QB,6.48,-10.51,-1.52,-0.1248,-0.0183,23.4,0,,
2013,10,00-0023496,Vincent Jackson,WR,5.8,-11.86,-2.4,-0.1401,-0.0289,23.4,0,,
2013,10,00-0022427,Wesley Welker,WR,5.1,-12.56,-3.1,-0.148,-0.0373,23.4,0,,
2013,10,00-0029275,Ladarius Green,TE,4.0,-10.32,-4.1,-0.1225,-0.0493,23.4,0,,
2013,10,00-0026197,Chad Henne,QB,3.1,-13.89,-4.9,-0.1628,-0.0589,23.4,0,,
2013,10,00-0028237,Christopher Hogan,WR,2.6,-15.06,-5.6,-0.1757,-0.0672,23.4,0,,
2013,10,00-0029548,LaVon Brazill,WR,2.1,-15.56,-6.1,-0.1811,-0.0732,23.4,0,,
2013,10,00-0023662,Matthew Cassel,QB,1.78,-15.21,-6.22,-0.1773,-0.0746,23.4,0,,
2013,10,00-0022055,Seneca Wallace,QB,1.0,-15.99,-7.0,-0.1857,-0.0838,23.4,0,,
2013,10,00-0020679,Shaun Hill,QB,0.0,-16.99,-8.0,-0.1964,-0.0956,23.4,0,,
2013,10,00-0027772,Anthony Dixon,RB,0.0,-15.11,-6.7,-0.1762,-0.0803,23.4,0,,
2013,10,00-0028863,Dominique Davis,QB,0.0,-16.99,-8.0,-0.1964,-0.0956,23.4,0,,
2013,10,00-0029793,Brandon Williams,TE,0.0,-14.32,-8.1,-0.1675,-0.0968,23.4,0,,
2013,10,00-0027995,Mikel Leshoure,RB,0.0,-15.11,-6.7,-0.1762,-0.0803,23.4,0,,
2013,10,00-0028263,Andre Holmes,WR,0.0,-17.66,-8.2,-0.2034,-0.0979,23.4,0,,
2013,10,00-0026314,Joshua Morgan,WR,0.0,-17.66,-8.2,-0.2034,-0.0979,23.4,0,,
2013,10,00-0028073,Richard Stanzi,QB,0.0,-16.99,-8.0,-0.1964,-0.0956,23.4,0,,
2013,10,00-0027069,Chase Coffman,TE,0.0,-14.32,-8.1,-0.1675,-0.0968,23.4,0,,
2013,10,00-0030443,Levine Toilolo,TE,0.0,-14.32,-8.1,-0.1675,-0.0968,23.4,0,,
2013,10,00-0028876,Collin Mooney,RB,0.0,-15.11,-6.7,-0.1762,-0.0803,23.4,0,,
2013,10,00-0023645,Derek Anderson,QB,0.0,-16.99,-8.0,-0.1964,-0.0956,23.4,0,,
2013,10,00-0024279,Tarvaris Jackson,QB,0.0,-16.99,-8.0,-0.1964,-0.0956,23.4,0,,
2013,10,00-0030524,Matthew Jones,QB,0.0,-16.99,-8.0,-0.1964,-0.0956,23.4,0,,
2013,10,00-0030485,Eddie Lacy,RB,10.4,-4.71,3.7,-0.0567,0.0446,23.4,1,,
2013,10,00-0029668,Andrew Luck,QB,13.82,-3.17,5.82,-0.0382,0.0699,23.4,1,,
2013,10,00-0023564,Darren Sproles,RB,27.8,12.69,21.1,0.1494,0.2383,23.4,1,,
2013,10,00-0029141,Alfred Morris,RB,13.9,-1.21,7.2,-0.0147,0.0862,23.4,1,,
2013,10,00-0027950,Christian Ponder,QB,13.26,-3.73,5.26,-0.045,0.0632,23.4,1,,
2013,10,00-0027696,Jimmy Graham,TE,13.4,-0.92,5.3,-0.0111,0.0637,23.4,1,,
2013,10,00-0027077,Brian Hartline,WR,10.7,-6.96,2.5,-0.0834,0.0301,23.4,1,,
2013,10,00-0029051,Jarrett Boykin,WR,19.2,1.54,11.0,0.0185,0.1303,23.4,1,,
2013,10,00-0029137,Alshon Jeffery,WR,20.9,3.24,12.7,0.039,0.1496,23.4,1,,
2013,10,00-0006101,Anthony Gonzalez,TE,7.4,-6.92,-0.7,-0.0829,-0.0084,23.4,0,,
2013,10,00-0027861,Clifford Spiller,RB,6.4,-8.71,-0.3,-0.1039,-0.0036,23.4,0,,
2013,10,00-0022127,Christopher Witten,TE,5.7,-8.62,-2.4,-0.1028,-0.0289,23.4,0,,
2013,10,00-0029638,Michael Floyd,WR,5.1,-12.56,-3.1,-0.148,-0.0373,23.4,0,,
2013,10,00-0025396,Theodore Ginn,WR,3.9,-13.76,-4.3,-0.1614,-0.0517,23.4,0,,
2013,10,00-0026153,Jonathan Stewart,RB,3.1,-12.01,-3.6,-0.1418,-0.0434,23.4,0,,
2013,10,00-0027791,James Starks,RB,2.4,-12.71,-4.3,-0.1497,-0.0517,23.4,0,,
2013,10,00-0023465,Earl Miller,TE,2.1,-12.22,-6.0,-0.1441,-0.072,23.4,0,,
2013,10,00-0030300,Jaron Brown,WR,1.7,-15.96,-6.5,-0.1854,-0.0779,23.4,0,,
2013,10,00-0028156,Ryan Taylor,TE,0.9,-13.42,-7.2,-0.1576,-0.0862,23.4,0,,
2013,10,00-0021999,Nathaniel Burleson,WR,0.0,-17.66,-8.2,-0.2034,-0.0979,23.4,0,,
2013,10,00-0026577,Marcus Thigpen,WR,0.0,-17.66,-8.2,-0.2034,-0.0979,23.4,0,,
2013,10,00-0029424,Marvin McNutt,WR,0.0,-17.66,-8.2,-0.2034,-0.0979,23.4,0,,
2013,10,00-0029388,Deonte Thompson,WR,0.0,-17.66,-8.2,-0.2034,-0.0979,23.4,0,,
2013,10,00-0026298,Kellen Davis,TE,0.0,-14.32,-8.1,-0.1675,-0.0968,23.4,0,,
2013,10,00-0030512,Nicholas Kasa,TE,0.0,-14.32,-8.1,-0.1675,-0.0968,23.4,0,,
2013,10,00-0028542,Lestar Jean,WR,0.0,-17.66,-8.2,-0.2034,-0.0979,23.4,0,,
2013,10,00-0027948,Blaine Gabbert,QB,0.0,-16.99,-8.0,-0.1964,-0.0956,23.4,0,,
2013,10,00-0025701,Ewart Battle,RB,0.0,-15.11,-6.7,-0.1762,-0.0803,23.4,0,,
2013,10,00-0029587,Rhett Ellison,TE,0.0,-14.32,-8.1,-0.1675,-0.0968,23.4,0,,
2013,10,00-0027796,Joseph Webb,QB,0.0,-16.99,-8.0,-0.1964,-0.0956,23.4,0,,
2013,10,00-0030134,Michael Ford,RB,0.0,-15.11,-6.7,-0.1762,-0.0803,23.4,0,,
2013,10,00-0030150,Matthew Tucker,RB,0.0,-15.11,-6.7,-0.1762,-0.0803,23.4,0,,
2013,10,00-0029415,Keshawn Martin,WR,0.0,-17.66,-8.2,-0.2034,-0.0979,23.4,0,,
2013,11,00-0028040,Jordan Cameron,TE,11.9,-5.52,3.7,-0.0605,0.0407,25.6,1,,
2013,11,00-0029263,Russell Wilson,QB,18.6,0.42,8.4,0.0046,0.0916,25.6,1,,
2013,11,00-0024275,Maurice Jones-Drew,RB,13.5,-4.2,4.2,-0.0461,0.0461,25.6,1,,
2013,11,00-0027994,Shane Vereen,RB,15.2,-2.5,5.9,-0.0275,0.0647,25.6,1,,
2013,11,00-0027974,Colin Kaepernick,QB,13.58,-4.6,3.38,-0.0505,0.0371,25.6,1,,
2013,11,00-0027718,Garrett Graham,TE,28.1,10.68,19.9,0.1159,0.2085,25.6,1,,
2013,11,00-0022084,Anquan Boldin,WR,17.6,-0.26,7.4,-0.0028,0.0809,25.6,1,,
2013,11,00-0029415,Keshawn Martin,WR,11.2,-6.66,1.0,-0.0729,0.011,25.6,1,,
2013,11,00-0029129,Rod Streater,WR,21.2,3.34,11.0,0.0367,0.1192,25.6,1,,
2013,11,00-0020337,Stevonne Smith,WR,10.2,-7.66,0.0,-0.0837,0.0,25.6,0,,
2013,11,00-0028011,Stevan Ridley,RB,8.8,-8.9,-0.5,-0.097,-0.0055,25.6,0,,
2013,11,00-0026201,Martellus Bennett,TE,7.8,-9.62,-0.4,-0.1046,-0.0044,25.6,0,,
2013,11,00-0028841,William Johnson,RB,7.1,-10.6,-2.2,-0.115,-0.0242,25.6,0,,
2013,11,00-0022787,Matthew Schaub,QB,6.2,-11.98,-4.0,-0.1295,-0.0439,25.6,0,,
2013,11,00-0027150,Julian Edelman,WR,5.7,-12.16,-4.5,-0.1313,-0.0494,25.6,0,,
2013,11,00-0028263,Andre Holmes,WR,4.3,-13.56,-5.9,-0.1458,-0.0647,25.6,0,,
2013,11,00-0028064,Bilal Powell,RB,3.8,-13.9,-5.5,-0.1493,-0.0603,25.6,0,,
2013,11,00-0027675,Edward Dickson,TE,3.1,-14.32,-5.1,-0.1536,-0.056,25.6,0,,
2013,11,00-0026281,Gary Barnidge,TE,2.7,-14.72,-5.5,-0.1577,-0.0603,25.6,0,,
2013,11,00-0026983,Darrius Heyward-Bey,WR,2.0,-15.86,-8.2,-0.1691,-0.0895,25.6,0,,
2013,11,00-0029673,DeVier Posey,WR,1.5,-16.36,-8.7,-0.1741,-0.0948,25.6,0,,
2013,11,00-0026577,Marcus Thigpen,WR,0.9,-16.96,-9.3,-0.18,-0.1013,25.6,0,,
2013,11,00-0030516,Brice Butler,WR,0.0,-17.86,-10.2,-0.1889,-0.1108,25.6,0,,
2013,11,00-0030433,Michael Gillislee,RB,0.0,-17.7,-9.3,-0.1873,-0.1013,25.6,0,,
2013,11,00-0029492,Jamize Olawale,RB,0.0,-17.7,-9.3,-0.1873,-0.1013,25.6,0,,
2013,11,00-0028542,Lestar Jean,WR,0.0,-17.86,-10.2,-0.1889,-0.1108,25.6,0,,
2013,11,00-0027069,Chase Coffman,TE,0.0,-17.42,-8.2,-0.1846,-0.0895,25.6,0,,
2013,11,00-0025592,Jordan Palmer,QB,0.0,-18.18,-10.2,-0.192,-0.1108,25.6,0,,
2013,11,00-0027215,James Paulsen,TE,0.0,-17.42,-8.2,-0.1846,-0.0895,25.6,0,,
2013,11,00-0030524,Matthew Jones,QB,0.0,-18.18,-10.2,-0.192,-0.1108,25.6,0,,
2013,11,00-0026162,Felix Jones,RB,0.0,-17.7,-9.3,-0.1873,-0.1013,25.6,0,,
2013,11,00-0027995,Mikel Leshoure,RB,0.0,-17.7,-9.3,-0.1873,-0.1013,25.6,0,,
2013,11,00-0024345,Domenik Hixon,WR,0.0,-17.86,-10.2,-0.1889,-0.1108,25.6,0,,
2013,11,00-0025542,Dante Rosario,TE,0.0,-17.42,-8.2,-0.1846,-0.0895,25.6,0,,
2013,11,00-0027775,Russell Smith,QB,0.0,-18.18,-10.2,-0.192,-0.1108,25.6,0,,
2013,11,00-0027134,Curtis Painter,QB,0.0,-18.18,-10.2,-0.192,-0.1108,25.6,0,,
2013,11,00-0028067,Julius Thomas,TE,14.8,-2.62,6.6,-0.0288,0.0722,25.6,1,,
2013,11,00-0030526,Erik Manuel,QB,18.7,0.52,8.5,0.0057,0.0927,25.6,1,,
2013,11,00-0025399,Marshawn Lynch,RB,25.3,7.6,16.0,0.083,0.1706,25.6,1,,
2013,11,00-0026855,Antone Smith,RB,16.2,-1.5,6.9,-0.0165,0.0755,25.6,1,,
2013,11,00-0029701,Ryan Tannehill,QB,14.82,-3.36,4.62,-0.0369,0.0507,25.6,1,,
2013,11,00-0024268,Anthony Fasano,TE,15.7,-1.72,7.5,-0.0189,0.082,25.6,1,,
2013,11,00-0029572,Jarius Wright,WR,21.9,4.04,11.7,0.0444,0.1266,25.6,1,,
2013,11,00-0026345,Pierre Garcon,WR,13.7,-4.16,3.5,-0.0457,0.0385,25.6,1,,
2013,11,00-0027681,Brandon LaFell,WR,18.9,1.04,8.7,0.0115,0.0948,25.6,1,,
2013,11,00-0026197,Chad Henne,QB,10.2,-7.98,0.0,-0.0871,0.0,25.6,0,,
2013,11,00-0028595,Scott Tolzien,QB,8.66,-9.52,-1.54,-0.1036,-0.0169,25.6,0,,
2013,11,00-0027725,Clayton Harbor,TE,7.7,-9.72,-0.5,-0.1057,-0.0055,25.6,0,,
2013,11,00-0029391,Sean McGrath,TE,7.0,-10.42,-1.2,-0.1131,-0.0132,25.6,0,,
2013,11,00-0025860,BenJarvus Green-Ellis,RB,6.2,-11.5,-3.1,-0.1245,-0.0341,25.6,0,,
2013,11,00-0024217,Reginald Bush,RB,5.4,-12.3,-3.9,-0.1328,-0.0428,25.6,0,,
2013,11,00-0029155,William Brown,WR,4.3,-13.56,-5.9,-0.1458,-0.0647,25.6,0,,
2013,11,00-0028442,Ricardo Lockette,WR,3.7,-14.16,-6.5,-0.1519,-0.0712,25.6,0,,
2013,11,00-0026173,Donnie Avery,WR,3.0,-14.86,-7.2,-0.1591,-0.0787,25.6,0,,
2013,11,00-0029432,Jordan Ford,TE,2.6,-14.82,-5.6,-0.1587,-0.0614,25.6,0,,
2013,11,00-0029667,Nicholas Toon,WR,1.8,-16.06,-8.4,-0.1711,-0.0916,25.6,0,,
2013,11,00-0028121,Jordan Todman,RB,1.4,-16.3,-7.9,-0.1735,-0.0863,25.6,0,,
2013,11,00-0026644,Josh Vaughan,RB,0.6,-17.1,-8.7,-0.1815,-0.0948,25.6,0,,
2013,11,00-0020679,Shaun Hill,QB,0.0,-18.18,-10.2,-0.192,-0.1108,25.6,0,,
2013,11,00-0029091,Bradley Sowell,TE,0.0,-17.42,-8.2,-0.1846,-0.0895,25.6,0,,
2013,11,00-0028543,Jeffrey Maehl,WR,0.0,-17.86,-10.2,-0.1889,-0.1108,25.6,0,,
2013,11,00-0030288,Michael Burkhead,RB,0.0,-17.7,-9.3,-0.1873,-0.1013,25.6,0,,
2013,11,00-0025701,Ewart Battle,RB,0.0,-17.7,-9.3,-0.1873,-0.1013,25.6,0,,
2013,11,00-0029281,Adrien Robinson,TE,0.0,-17.42,-8.2,-0.1846,-0.0895,25.6,0,,
2013,11,00-0027692,Armanti Edwards,WR,0.0,-17.86,-10.2,-0.1889,-0.1108,25.6,0,,
2013,11,00-0022121,Rex Grossman,QB,0.0,-18.18,-10.2,-0.192,-0.1108,25.6,0,,
2013,11,00-0027708,Marcus Easley,WR,0.0,-17.86,-10.2,-0.1889,-0.1108,25.6,0,,
2013,11,00-0026298,Kellen Davis,TE,0.0,-17.42,-8.2,-0.1846,-0.0895,25.6,0,,
2013,11,00-0026300,Joshua Johnson,QB,0.0,-18.18,-10.2,-0.192,-0.1108,25.6,0,,
2013,11,00-0029588,Daniel Herron,RB,0.0,-17.7,-9.3,-0.1873,-0.1013,25.6,0,,
2013,11,00-0028012,Ryan Mallett,QB,0.0,-18.18,-10.2,-0.192,-0.1108,25.6,0,,
2013,11,00-0030474,Joshua Boyce,WR,0.0,-17.86,-10.2,-0.1889,-0.1108,25.6,0,,
2013,11,00-0029183,Daniel Noble,TE,13.7,-3.72,5.5,-0.0409,0.0603,25.6,1,,
2013,11,00-0029567,Nicholas Foles,QB,22.62,4.44,12.42,0.0488,0.1341,25.6,1,,
2013,11,00-0027218,Joique Bell,RB,18.7,1.0,9.4,0.011,0.1023,25.6,1,,
2013,11,00-0030522,Montee Ball,RB,19.1,1.4,9.8,0.0154,0.1066,25.6,1,,
2013,11,00-0022942,Philip Rivers,QB,14.52,-3.66,4.32,-0.0402,0.0474,25.6,1,,
2013,11,00-0030514,Mychal Rivera,TE,18.9,1.48,10.7,0.0163,0.1161,25.6,1,,
2013,11,00-0022427,Wesley Welker,WR,15.2,-2.66,5.0,-0.0292,0.0549,25.6,1,,
2013,11,00-0027690,Eric Decker,WR,12.1,-5.76,1.9,-0.0631,0.0209,25.6,1,,
2013,11,00-0026035,Daniel Amendola,WR,10.5,-7.36,0.3,-0.0804,0.0033,25.6,1,,
2013,11,00-0029632,Mohamed Sanu,WR,10.1,-7.76,-0.1,-0.0847,-0.0011,25.6,0,,
2013,11,00-0022736,Steven Jackson,RB,8.5,-9.2,-0.8,-0.1002,-0.0088,25.6,0,,
2013,11,00-0025439,Brian Leonard,RB,7.7,-10.0,-1.6,-0.1087,-0.0176,25.6,0,,
2013,11,00-0025516,William Chandler,TE,7.0,-10.42,-1.2,-0.1131,-0.0132,25.6,0,,
2013,11,00-0030061,Zachary Ertz,TE,6.1,-11.32,-2.1,-0.1226,-0.0231,25.6,0,,
2013,11,00-0023310,Lance Moore,WR,5.3,-12.56,-4.9,-0.1355,-0.0538,25.6,0,,
2013,11,00-0025460,Jacoby Jones,WR,4.2,-13.66,-6.0,-0.1468,-0.0657,25.6,0,,
2013,11,00-0028020,Vincent Brown,WR,3.7,-14.16,-6.5,-0.1519,-0.0712,25.6,0,,
2013,11,00-0030549,Tyler Eifert,TE,3.0,-14.42,-5.2,-0.1546,-0.057,25.6,0,,
2013,11,00-0028270,Weslye Saunders,TE,2.6,-14.82,-5.6,-0.1587,-0.0614,25.6,0,,
2013,11,00-0029293,Marvin Jones,WR,1.8,-16.06,-8.4,-0.1711,-0.0916,25.6,0,,
2013,11,00-0027997,Gregory Little,WR,1.4,-16.46,-8.8,-0.1751,-0.0959,25.6,0,,
2013,11,00-0025487,Michael Bush,RB,0.5,-17.2,-8.8,-0.1824,-0.0959,25.6,0,,
2013,11,00-0021999,Nathaniel Burleson,WR,0.0,-17.86,-10.2,-0.1889,-0.1108,25.6,0,,
2013,11,00-0027356,Marlon Moore,WR,0.0,-17.86,-10.2,-0.1889,-0.1108,25.6,0,,
2013,11,00-0029276,Evan Rodriguez,TE,0.0,-17.42,-8.2,-0.1846,-0.0895,25.6,0,,
2013,11,00-0029098,Eric Page,WR,0.0,-17.86,-10.2,-0.1889,-0.1108,25.6,0,,
2013,11,00-0030547,Denard Robinson,RB,0.0,-17.7,-9.3,-0.1873,-0.1013,25.6,0,,
2013,11,00-0028876,Collin Mooney,RB,0.0,-17.7,-9.3,-0.1873,-0.1013,25.6,0,,
2013,11,00-0029274,Devon Wylie,WR,0.0,-17.86,-10.2,-0.1889,-0.1108,25.6,0,,
2013,11,00-0028142,Virgil Green,TE,0.0,-17.42,-8.2,-0.1846,-0.0895,25.6,0,,
2013,11,00-0024408,Bruce Gradkowski,QB,0.0,-18.18,-10.2,-0.192,-0.1108,25.6,0,,
2013,11,00-0029548,LaVon Brazill,WR,0.0,-17.86,-10.2,-0.1889,-0.1108,25.6,0,,
2013,11,00-0029683,Ronnie Hillman,RB,0.0,-17.7,-9.3,-0.1873,-0.1013,25.6,0,,
2013,11,00-0029590,Taylor Thompson,TE,0.0,-17.42,-8.2,-0.1846,-0.0895,25.6,0,,
2013,11,00-0027346,Alfonso Smith,RB,0.0,-17.7,-9.3,-0.1873,-0.1013,25.6,0,,
2013,11,00-0025708,Matthew Moore,QB,0.0,-18.18,-10.2,-0.192,-0.1108,25.6,0,,
2013,11,00-0029731,Foswhitt Whittaker,RB,11.1,-6.6,1.8,-0.0722,0.0198,25.6,1,,
2013,11,00-0026498,John Stafford,QB,22.88,4.7,12.68,0.0516,0.1368,25.6,1,,
2013,11,00-0030456,Giovani Bernard,RB,12.6,-5.1,3.3,-0.056,0.0363,25.6,1,,
2013,11,00-0024813,Charles Thomas,RB,13.4,-4.3,4.1,-0.0472,0.045,25.6,1,,
2013,11,00-0022803,Elisha Manning,QB,13.46,-4.72,3.26,-0.0518,0.0358,25.6,1,,
2013,11,00-0006101,Anthony Gonzalez,TE,18.8,1.38,10.6,0.0152,0.115,25.6,1,,
2013,11,00-0029708,Kendall Wright,WR,17.0,-0.86,6.8,-0.0094,0.0744,25.6,1,,
2013,11,00-0027793,Antonio Brown,WR,32.9,15.04,22.7,0.1609,0.2344,25.6,1,,
2013,11,00-0030068,Marquise Goodwin,WR,21.8,3.94,11.6,0.0433,0.1255,25.6,1,,
2013,11,00-0025414,Robert Meachem,WR,9.8,-8.06,-0.4,-0.088,-0.0044,25.6,0,,
2013,11,00-0027888,Tobinbo Gerhart,RB,8.4,-9.3,-0.9,-0.1013,-0.0099,25.6,0,,
2013,11,00-0027135,Brandon Myers,TE,7.7,-9.72,-0.5,-0.1057,-0.0055,25.6,0,,
2013,11,00-0028043,Roy Helu,RB,7.0,-10.7,-2.3,-0.1161,-0.0253,25.6,0,,
2013,11,00-0022165,Dallas Clark,TE,6.1,-11.32,-2.1,-0.1226,-0.0231,25.6,0,,
2013,11,00-0028050,Gregory Salas,WR,5.2,-12.66,-5.0,-0.1365,-0.0549,25.6,0,,
2013,11,00-0028052,Cecil Shorts,WR,4.2,-13.66,-6.0,-0.1468,-0.0657,25.6,0,,
2013,11,00-0022178,Willis McGahee,RB,3.7,-14.0,-5.6,-0.1503,-0.0614,25.6,0,,
2013,11,00-0027156,Tiquan Underwood,WR,3.0,-14.86,-7.2,-0.1591,-0.0787,25.6,0,,
2013,11,00-0030470,Vance McDonald,TE,2.5,-14.92,-5.7,-0.1597,-0.0625,25.6,0,,
2013,11,00-0029264,Bernard Pierce,RB,1.8,-15.9,-7.5,-0.1696,-0.082,25.6,0,,
2013,11,00-0026000,Davone Bess,WR,1.3,-16.56,-8.9,-0.1761,-0.097,25.6,0,,
2013,11,00-0027709,Jacoby Ford,WR,0.4,-17.46,-9.8,-0.185,-0.1066,25.6,0,,
2013,11,00-0030521,Justin Hunter,WR,0.0,-17.86,-10.2,-0.1889,-0.1108,25.6,0,,
2013,11,00-0026932,Cedric Peerman,RB,0.0,-17.7,-9.3,-0.1873,-0.1013,25.6,0,,
2013,11,00-0030049,Christopher Gragg,TE,0.0,-17.42,-8.2,-0.1846,-0.0895,25.6,0,,
2013,11,00-0030128,Michael Cox,RB,0.0,-17.7,-9.3,-0.1873,-0.1013,25.6,0,,
2013,11,00-0028156,Ryan Taylor,TE,0.0,-17.42,-8.2,-0.1846,-0.0895,25.6,0,,
2013,11,00-0027779,Deji Karim,RB,0.0,-17.7,-9.3,-0.1873,-0.1013,25.6,0,,
2013,11,00-0023578,Daniel Orlovsky,QB,0.0,-18.18,-10.2,-0.192,-0.1108,25.6,0,,
2013,11,00-0028905,Christopher Owusu,WR,0.0,-17.86,-10.2,-0.1889,-0.1108,25.6,0,,
2013,11,00-0029854,Cortrelle Anderson,RB,0.0,-17.7,-9.3,-0.1873,-0.1013,25.6,0,,
2013,11,00-0030300,Jaron Brown,WR,0.0,-17.86,-10.2,-0.1889,-0.1108,25.6,0,,
2013,11,00-0030282,Stepfan Taylor,RB,0.0,-17.7,-9.3,-0.1873,-0.1013,25.6,0,,
2013,11,00-0020245,Michael Vick,QB,0.0,-18.18,-10.2,-0.192,-0.1108,25.6,0,,
2013,11,00-0027964,Jonathan Baldwin,WR,0.0,-17.86,-10.2,-0.1889,-0.1108,25.6,0,,
2013,11,00-0030151,Tyler Bray,QB,0.0,-18.18,-10.2,-0.192,-0.1108,25.6,0,,
2013,11,00-0025425,Zachary Miller,TE,12.9,-4.52,4.7,-0.0496,0.0516,25.6,1,,
2013,11,00-0030520,Michael Glennon,QB,17.64,-0.54,7.44,-0.0059,0.0813,25.6,1,,
2013,11,00-0030485,Eddie Lacy,RB,12.8,-4.9,3.5,-0.0538,0.0385,25.6,1,,
2013,11,00-0026184,Matthew Forte,RB,23.5,5.8,14.2,0.0636,0.1524,25.6,1,,
2013,11,00-0021206,Joshua McCown,QB,12.54,-5.64,2.34,-0.0618,0.0257,25.6,1,,
2013,11,00-0029697,Jacoby Fleener,TE,22.7,5.28,14.5,0.0579,0.1554,25.6,1,,
2013,11,00-0027077,Brian Hartline,WR,11.5,-6.36,1.3,-0.0696,0.0143,25.6,1,,
2013,11,00-0022044,Andre Johnson,WR,21.6,3.74,11.4,0.0411,0.1234,25.6,1,,
2013,11,00-0026189,DeSean Jackson,WR,12.2,-5.66,2.0,-0.062,0.022,25.6,1,,
2013,11,00-0025396,Theodore Ginn,WR,9.5,-8.36,-0.7,-0.0912,-0.0077,25.6,0,,
2013,11,00-0026996,Brandon Pettigrew,TE,8.2,-9.22,0.0,-0.1004,0.0,25.6,0,,
2013,11,00-0023506,Edwin Smith,TE,7.7,-9.72,-0.5,-0.1057,-0.0055,25.6,0,,
2013,11,00-0023460,Jason Campbell,QB,6.92,-11.26,-3.28,-0.122,-0.0361,25.6,0,,
2013,11,00-0020494,Santana Moss,WR,6.1,-11.76,-4.1,-0.1272,-0.045,25.6,0,,
2013,11,00-0023662,Matthew Cassel,QB,5.12,-13.06,-5.08,-0.1407,-0.0557,25.6,0,,
2013,11,00-0029601,Brandon Bostick,TE,4.1,-13.32,-4.1,-0.1434,-0.045,25.6,0,,
2013,11,00-0027891,Golden Tate,WR,3.6,-14.26,-6.6,-0.153,-0.0722,25.6,0,,
2013,11,00-0029883,Joseph Fauria,TE,2.9,-14.52,-5.3,-0.1556,-0.0581,25.6,0,,
2013,11,00-0030089,Luke Willson,TE,2.2,-15.22,-6.0,-0.1627,-0.0657,25.6,0,,
2013,11,00-0026235,Mario Manningham,WR,1.8,-16.06,-8.4,-0.1711,-0.0916,25.6,0,,
2013,11,00-0027685,Emmanuel Sanders,WR,1.2,-16.66,-9.0,-0.1771,-0.0981,25.6,0,,
2013,11,00-0030320,Michael Hill,RB,0.3,-17.4,-9.0,-0.1844,-0.0981,25.6,0,,
2013,11,00-0028034,Alexander Green,RB,0.0,-17.7,-9.3,-0.1873,-0.1013,25.6,0,,
2013,11,00-0029311,Kenneth Hemingway,WR,0.0,-17.86,-10.2,-0.1889,-0.1108,25.6,0,,
2013,11,00-0023459,Aaron Rodgers,QB,0.0,-18.18,-10.2,-0.192,-0.1108,25.6,0,,
2013,11,00-0030586,Ryan Nassib,QB,0.0,-18.18,-10.2,-0.192,-0.1108,25.6,0,,
2013,11,00-0030431,Robert Woods,WR,0.0,-17.86,-10.2,-0.1889,-0.1108,25.6,0,,
2013,11,00-0028453,Patrick Devlin,QB,0.0,-18.18,-10.2,-0.192,-0.1108,25.6,0,,
2013,11,00-0029205,Travaris Cadet,RB,0.0,-17.7,-9.3,-0.1873,-0.1013,25.6,0,,
2013,11,00-0030078,Johnathan Franklin,RB,0.0,-17.7,-9.3,-0.1873,-0.1013,25.6,0,,
2013,11,00-0029159,Jermaine Kearse,WR,0.0,-17.86,-10.2,-0.1889,-0.1108,25.6,0,,
2013,11,00-0027583,Richard Brockel,TE,0.0,-17.42,-8.2,-0.1846,-0.0895,25.6,0,,
2013,11,00-0028307,Andrew Davis,WR,0.0,-17.86,-10.2,-0.1889,-0.1108,25.6,0,,
2013,11,00-0030043,Da'Rick Rogers,WR,0.0,-17.86,-10.2,-0.1889,-0.1108,25.6,0,,
2013,11,00-0029218,David Paulson,TE,0.0,-17.42,-8.2,-0.1846,-0.0895,25.6,0,,
2013,11,00-0030150,Matthew Tucker,RB,0.0,-17.7,-9.3,-0.1873,-0.1013,25.6,0,,
2013,11,00-0024221,Vernon Davis,TE,15.3,-2.12,7.1,-0.0233,0.0777,25.6,1,,
2013,11,00-0023436,Alexander Smith,QB,21.4,3.22,11.2,0.0354,0.1213,25.6,1,,
2013,11,00-0026163,Rashard Mendenhall,RB,11.7,-6.0,2.4,-0.0657,0.0264,25.6,1,,
2013,11,00-0027003,Donald Brown,RB,22.4,4.7,13.1,0.0516,0.1411,25.6,1,,
2013,11,00-0026143,Matthew Ryan,QB,14.16,-4.02,3.96,-0.0441,0.0435,25.6,1,,
2013,11,00-0023465,Earl Miller,TE,18.7,1.28,10.5,0.0141,0.114,25.6,1,,
2013,11,00-0029137,Alshon Jeffery,WR,16.0,-1.86,5.8,-0.0204,0.0636,25.6,1,,
2013,11,00-0024466,Marques Colston,WR,13.0,-4.86,2.8,-0.0533,0.0308,25.6,1,,
2013,11,00-0025389,Calvin Johnson,WR,35.9,18.04,25.7,0.1907,0.2609,25.6,1,,
2013,11,00-0029608,Eugene Hilton,WR,9.4,-8.46,-0.8,-0.0922,-0.0088,25.6,0,,
2013,11,00-0024334,Brandon Marshall,WR,8.2,-9.66,-2.0,-0.105,-0.022,25.6,0,,
2013,11,00-0023500,Franklin Gore,RB,7.6,-10.1,-1.7,-0.1097,-0.0187,25.6,0,,
2013,11,00-0023545,Brandon Jacobs,RB,6.9,-10.8,-2.4,-0.1171,-0.0264,25.6,0,,
2013,11,00-0028237,Christopher Hogan,WR,5.9,-11.96,-4.3,-0.1293,-0.0472,25.6,0,,
2013,11,00-0029429,Bryce Brown,RB,5.0,-12.7,-4.3,-0.137,-0.0472,25.6,0,,
2013,11,00-0028021,Jerrel Jernigan,WR,4.1,-13.76,-6.1,-0.1479,-0.0668,25.6,0,,
2013,11,00-0027861,Clifford Spiller,RB,3.6,-14.1,-5.7,-0.1514,-0.0625,25.6,0,,
2013,11,00-0028249,Jeremy Ross,WR,2.9,-14.96,-7.3,-0.1601,-0.0798,25.6,0,,
2013,11,00-0027322,David Nelson,WR,2.2,-15.66,-8.0,-0.1671,-0.0873,25.6,0,,
2013,11,00-0030564,DeAndre Hopkins,WR,1.7,-16.16,-8.5,-0.1721,-0.0927,25.6,0,,
2013,11,00-0026186,Jerome Simpson,WR,1.1,-16.76,-9.1,-0.1781,-0.0991,25.6,0,,
2013,11,00-0030236,Dennis Johnson,RB,0.2,-17.5,-9.1,-0.1854,-0.0991,25.6,0,,
2013,11,00-0029441,Jeremy Stewart,RB,0.0,-17.7,-9.3,-0.1873,-0.1013,25.6,0,,
2013,11,00-0024226,Jay Cutler,QB,0.0,-18.18,-10.2,-0.192,-0.1108,25.6,0,,
2013,11,00-0029234,Kellen Moore,QB,0.0,-18.18,-10.2,-0.192,-0.1108,25.6,0,,
2013,11,00-0028903,Garrett Celek,TE,0.0,-17.42,-8.2,-0.1846,-0.0895,25.6,0,,
2013,11,00-0026364,Steven Johnson,WR,0.0,-17.86,-10.2,-0.1889,-0.1108,25.6,0,,
2013,11,00-0030292,Brad Sorensen,QB,0.0,-18.18,-10.2,-0.192,-0.1108,25.6,0,,
2013,11,00-0028091,Jeremy Kerley,WR,0.0,-17.86,-10.2,-0.1889,-0.1108,25.6,0,,
2013,11,00-0022864,Luke McCown,QB,0.0,-18.18,-10.2,-0.192,-0.1108,25.6,0,,
2013,11,00-0030181,John Doyle,TE,0.0,-17.42,-8.2,-0.1846,-0.0895,25.6,0,,
2013,11,00-0027006,Kenneth Britt,WR,0.0,-17.86,-10.2,-0.1889,-0.1108,25.6,0,,
2013,11,00-0028073,Richard Stanzi,QB,0.0,-18.18,-10.2,-0.192,-0.1108,25.6,0,,
2013,11,00-0029298,Cyrus Gray,RB,0.0,-17.7,-9.3,-0.1873,-0.1013,25.6,0,,
2013,11,00-0021231,David Garrard,QB,0.0,-18.18,-10.2,-0.192,-0.1108,25.6,0,,
2013,11,00-0026144,Darren McFadden,RB,0.0,-17.7,-9.3,-0.1873,-0.1013,25.6,0,,
2013,11,00-0029675,Trenton Richardson,RB,10.3,-7.4,1.0,-0.0809,0.011,25.6,1,,
2013,11,00-0029665,Robert Griffin,QB,22.96,4.78,12.76,0.0525,0.1376,25.6,1,,
2013,11,00-0029384,Bobby Rainey,RB,36.7,19.0,27.4,0.1999,0.2752,25.6,1,,
2013,11,00-0027029,LeSean McCoy,RB,31.0,13.3,21.7,0.1432,0.2253,25.6,1,,
2013,11,00-0010346,Peyton Manning,QB,14.92,-3.26,4.72,-0.0358,0.0518,25.6,1,,
2013,11,00-0021547,Antonio Gates,TE,17.2,-0.22,9.0,-0.0024,0.0981,25.6,1,,
2013,11,00-0022811,Jerricho Cotchery,WR,13.8,-4.06,3.6,-0.0446,0.0396,25.6,1,,
2013,11,00-0022921,Larry Fitzgerald,WR,18.1,0.24,7.9,0.0027,0.0863,25.6,1,,
2013,11,00-0029664,Joshua Gordon,WR,23.5,5.64,13.3,0.0619,0.1432,25.6,1,,
2013,11,00-0029141,Alfred Morris,RB,9.3,-8.4,0.0,-0.0916,0.0,25.6,0,,
2013,11,00-0030000,Kenbrell Thompkins,WR,8.0,-9.86,-2.2,-0.1072,-0.0242,25.6,0,,
2013,11,00-0030279,Keenan Allen,WR,7.5,-10.36,-2.7,-0.1125,-0.0297,25.6,0,,
2013,11,00-0030460,Markus Wheaton,WR,6.8,-11.06,-3.4,-0.1198,-0.0374,25.6,0,,
2013,11,00-0024204,Fredrick Jackson,RB,5.9,-11.8,-3.4,-0.1276,-0.0374,25.6,0,,
2013,11,00-0027325,LeGarrette Blount,RB,4.9,-12.8,-4.4,-0.138,-0.0483,25.6,0,,
2013,11,00-0028083,Jacquizz Rodgers,RB,4.0,-13.7,-5.3,-0.1473,-0.0581,25.6,0,,
2013,11,00-0029848,Nick Williams,WR,3.5,-14.36,-6.7,-0.154,-0.0733,25.6,0,,
2013,11,00-0027796,Joseph Webb,QB,2.9,-15.28,-7.3,-0.1633,-0.0798,25.6,0,,
2013,11,00-0027950,Christian Ponder,QB,2.16,-16.02,-8.04,-0.1707,-0.0878,25.6,0,,
2013,11,00-0027732,Michael Hoomanawanui,TE,1.7,-15.72,-6.5,-0.1677,-0.0712,25.6,0,,
2013,11,00-0026262,Tashard Choice,RB,1.1,-16.6,-8.2,-0.1765,-0.0895,25.6,0,,
2013,11,00-0024279,Tarvaris Jackson,QB,0.14,-18.04,-10.06,-0.1906,-0.1093,25.6,0,,
2013,11,00-0027089,Louis Murphy,WR,0.0,-17.86,-10.2,-0.1889,-0.1108,25.6,0,,
2013,11,00-0030568,James Wilson,QB,0.0,-18.18,-10.2,-0.192,-0.1108,25.6,0,,
2013,11,00-0030512,Nicholas Kasa,TE,0.0,-17.42,-8.2,-0.1846,-0.0895,25.6,0,,
2013,11,00-0029682,Brock Osweiler,QB,0.0,-18.18,-10.2,-0.192,-0.1108,25.6,0,,
2013,11,00-0022943,Benjamin Watson,TE,0.0,-17.42,-8.2,-0.1846,-0.0895,25.6,0,,
2013,11,00-0027688,Daniel McCoy,QB,0.0,-18.18,-10.2,-0.192,-0.1108,25.6,0,,
2013,11,00-0024318,Bradley Smith,WR,0.0,-17.86,-10.2,-0.1889,-0.1108,25.6,0,,
2013,11,00-0027772,Anthony Dixon,RB,0.0,-17.7,-9.3,-0.1873,-0.1013,25.6,0,,
2013,11,00-0029438,Christopher Polk,RB,0.0,-17.7,-9.3,-0.1873,-0.1013,25.6,0,,
2013,11,00-0030091,Tavarres King,WR,0.0,-17.86,-10.2,-0.1889,-0.1108,25.6,0,,
2013,11,00-0027948,Blaine Gabbert,QB,0.0,-18.18,-10.2,-0.192,-0.1108,25.6,0,,
2013,11,00-0026008,Matthew Mulligan,TE,0.0,-17.42,-8.2,-0.1846,-0.0895,25.6,0,,
2013,11,00-0030024,Jeffrey Tuel,QB,0.0,-18.18,-10.2,-0.192,-0.1108,25.6,0,,
2013,11,00-0028238,Konrad Reuland,TE,0.0,-17.42,-8.2,-0.1846,-0.0895,25.6,0,,
2013,11,00-0027321,Jeffrey Cumberland,TE,13.0,-4.42,4.8,-0.0485,0.0527,25.6,1,,
2013,11,00-0021429,Carson Palmer,QB,24.46,6.28,14.26,0.0688,0.153,25.6,1,,
2013,11,00-0027140,Christopher Ogbonnaya,RB,13.9,-3.8,4.6,-0.0417,0.0505,25.6,1,,
2013,11,00-0027094,Andre Brown,RB,12.3,-5.4,3.0,-0.0592,0.033,25.6,1,,
2013,11,00-0027651,Dexter McCluster,WR,10.3,-7.56,0.1,-0.0826,0.0011,25.6,1,,
2013,11,00-0024389,Hubert Walker,TE,30.1,12.68,21.9,0.1368,0.2272,25.6,1,,
2013,11,00-0026176,Jordy Nelson,WR,19.7,1.84,9.5,0.0203,0.1034,25.6,1,,
2013,11,00-0027874,Demaryius Thomas,WR,17.1,-0.76,6.9,-0.0083,0.0755,25.6,1,,
2013,11,00-0025410,Dwayne Bowe,WR,15.7,-2.16,5.5,-0.0237,0.0603,25.6,1,,
2013,11,00-0026213,Jamaal Charles,RB,9.2,-8.5,-0.1,-0.0927,-0.0011,25.6,0,,
2013,11,00-0026901,Burnell Wallace,WR,7.9,-9.96,-2.3,-0.1082,-0.0253,25.6,0,,
2013,11,00-0025465,James Jones,WR,7.5,-10.36,-2.7,-0.1125,-0.0297,25.6,0,,
2013,11,00-0024243,Marcedes Lewis,TE,6.8,-10.62,-1.4,-0.1152,-0.0154,25.6,0,,
2013,11,00-0030578,Cordarrelle Patterson,RB,5.8,-11.9,-3.5,-0.1287,-0.0385,25.6,0,,
2013,11,00-0027825,James Dray,TE,4.8,-12.62,-3.4,-0.1361,-0.0374,25.6,0,,
2013,11,00-0026182,William Royal,WR,4.0,-13.86,-6.2,-0.1489,-0.0679,25.6,0,,
2013,11,00-0030280,Knile Davis,RB,3.4,-14.3,-5.9,-0.1534,-0.0647,25.6,0,,
2013,11,00-0027139,John Phillips,TE,2.8,-14.62,-5.4,-0.1566,-0.0592,25.6,0,,
2013,11,00-0029388,Deonte Thompson,WR,2.1,-15.76,-8.1,-0.1681,-0.0884,25.6,0,,
2013,11,00-0029033,Griffith Whalen,WR,1.6,-16.26,-8.6,-0.1731,-0.0938,25.6,0,,
2013,11,00-0026210,Earl Bennett,WR,1.1,-16.76,-9.1,-0.1781,-0.0991,25.6,0,,
2013,11,00-0028053,Kendall Hunter,RB,0.1,-17.6,-9.2,-0.1864,-0.1002,25.6,0,,
2013,11,00-0021570,Kassim Osgood,WR,0.0,-17.86,-10.2,-0.1889,-0.1108,25.6,0,,
2013,11,00-0027445,Jeron Mastrud,TE,0.0,-17.42,-8.2,-0.1846,-0.0895,25.6,0,,
2013,11,00-0026931,McKenna Pascoe,TE,0.0,-17.42,-8.2,-0.1846,-0.0895,25.6,0,,
2013,11,00-0029999,Zachary Sudfeld,TE,0.0,-17.42,-8.2,-0.1846,-0.0895,25.6,0,,
2013,11,00-0030348,Khiry Robinson,RB,0.0,-17.7,-9.3,-0.1873,-0.1013,25.6,0,,
2013,11,00-0026188,Frederick Davis,TE,0.0,-17.42,-8.2,-0.1846,-0.0895,25.6,0,,
2013,11,00-0026237,Andre Caldwell,WR,0.0,-17.86,-10.2,-0.1889,-0.1108,25.6,0,,
2013,11,00-0027202,Michael Palmer,TE,0.0,-17.42,-8.2,-0.1846,-0.0895,25.6,0,,
2013,11,00-0026293,Matthew Slater,WR,0.0,-17.86,-10.2,-0.1889,-0.1108,25.6,0,,
2013,11,00-0026266,Lavelle Hawkins,WR,0.0,-17.86,-10.2,-0.1889,-0.1108,25.6,0,,
2013,11,00-0028115,Evan Royster,RB,0.0,-17.7,-9.3,-0.1873,-0.1013,25.6,0,,
2013,11,00-0030465,Kenjon Barner,RB,0.0,-17.7,-9.3,-0.1873,-0.1013,25.6,0,,
2013,11,00-0029239,Brandon Bolden,RB,0.0,-17.7,-9.3,-0.1873,-0.1013,25.6,0,,
2013,11,00-0022847,Benjamin Hartsock,TE,0.0,-17.42,-8.2,-0.1846,-0.0895,25.6,0,,
2013,11,00-0027696,Jimmy Graham,TE,13.1,-4.32,4.9,-0.0474,0.0538,25.6,1,,
2013,11,00-0027939,Cameron Newton,QB,26.56,8.38,16.36,0.0914,0.1741,25.6,1,,
2013,11,00-0027890,Benjamin Tate,RB,14.7,-3.0,5.4,-0.033,0.0592,25.6,1,,
2013,11,00-0026164,Christopher Johnson,RB,21.4,3.7,12.1,0.0407,0.1307,25.6,1,,
2013,11,00-0023682,Ryan Fitzpatrick,QB,15.48,-2.7,5.28,-0.0297,0.0579,25.6,1,,
2013,11,00-0027656,Robert Gronkowski,TE,19.4,1.98,11.2,0.0218,0.1213,25.6,1,,
2013,11,00-0027996,James Smith,WR,14.2,-3.66,4.0,-0.0402,0.0439,25.6,1,,
2013,11,00-0029638,Michael Floyd,WR,31.3,13.44,21.1,0.1446,0.2198,25.6,1,,
2013,11,00-0029262,Rueben Randle,WR,12.7,-5.16,2.5,-0.0566,0.0275,25.6,1,,
2013,11,00-0029580,Rishard Matthews,WR,9.2,-8.66,-1.0,-0.0944,-0.011,25.6,0,,
2013,11,00-0026988,Knowshon Moreno,RB,7.9,-9.8,-1.4,-0.1066,-0.0154,25.6,0,,
2013,11,00-0023564,Darren Sproles,RB,7.5,-10.2,-1.8,-0.1108,-0.0198,25.6,0,,
2013,11,00-0027758,Riley Cooper,WR,6.7,-11.16,-3.5,-0.1209,-0.0385,25.6,0,,
2013,11,00-0027581,Oluseyi Ajirotutu,WR,5.8,-12.06,-4.4,-0.1303,-0.0483,25.6,0,,
2013,11,00-0027753,Andrew Quarless,TE,4.8,-12.62,-3.4,-0.1361,-0.0374,25.6,0,,
2013,11,00-0028606,Kerry Taylor,WR,4.0,-13.86,-6.2,-0.1489,-0.0679,25.6,0,,
2013,11,00-0028863,Dominique Davis,QB,3.36,-14.82,-6.84,-0.1587,-0.0748,25.6,0,,
2013,11,00-0029910,Timothy Wright,TE,2.8,-14.62,-5.4,-0.1566,-0.0592,25.6,0,,
2013,11,00-0029260,LaMichael James,RB,2.1,-15.6,-7.2,-0.1665,-0.0787,25.6,0,,
2013,11,00-0028097,Joseph Smith,TE,1.6,-15.82,-6.6,-0.1687,-0.0722,25.6,0,,
2013,11,00-0026899,Shonn Greene,RB,1.0,-16.7,-8.3,-0.1775,-0.0906,25.6,0,,
2013,11,00-0027608,Kyle Williams,WR,0.0,-17.86,-10.2,-0.1889,-0.1108,25.6,0,,
2013,11,00-0029435,Damaris Johnson,WR,0.0,-17.86,-10.2,-0.1889,-0.1108,25.6,0,,
2013,11,00-0027253,Thaddeus Lewis,QB,0.0,-18.18,-10.2,-0.192,-0.1108,25.6,0,,
2013,11,00-0029654,Alfred Jenkins,WR,0.0,-17.86,-10.2,-0.1889,-0.1108,25.6,0,,
2013,11,00-0028352,Dane Sanzenbacher,WR,0.0,-17.86,-10.2,-0.1889,-0.1108,25.6,0,,
2013,11,00-0030394,Zac Dysert,QB,0.0,-18.18,-10.2,-0.192,-0.1108,25.6,0,,
2013,11,00-0028838,Larry Donnell,TE,0.0,-17.42,-8.2,-0.1846,-0.0895,25.6,0,,
2013,11,00-0026267,Jacob Tamme,TE,0.0,-17.42,-8.2,-0.1846,-0.0895,25.6,0,,
2013,11,00-0007091,Matthew Hasselbeck,QB,0.0,-18.18,-10.2,-0.192,-0.1108,25.6,0,,
2013,11,00-0028995,Stephen Hill,WR,0.0,-17.86,-10.2,-0.1889,-0.1108,25.6,0,,
2013,11,00-0029414,Orson Charles,TE,0.0,-17.42,-8.2,-0.1846,-0.0895,25.6,0,,
2013,11,00-0024296,Charlie Whitehurst,QB,0.0,-18.18,-10.2,-0.192,-0.1108,25.6,0,,
2013,11,00-0028105,Ryan Whalen,WR,0.0,-17.86,-10.2,-0.1889,-0.1108,25.6,0,,
2013,11,00-0023645,Derek Anderson,QB,0.0,-18.18,-10.2,-0.192,-0.1108,25.6,0,,
2013,11,00-0027791,James Starks,RB,-0.1,-17.8,-9.4,-0.1883,-0.1023,25.6,0,,
2013,11,00-0026178,John Carlson,TE,14.4,-3.02,6.2,-0.0332,0.0679,25.6,1,,
2013,11,00-0030419,Matthew McGloin,QB,19.58,1.4,9.38,0.0154,0.1021,25.6,1,,
2013,11,00-0027864,Ryan Mathews,RB,16.3,-1.4,7.0,-0.0154,0.0766,25.6,1,,
2013,11,00-0027155,Rashad Jennings,RB,22.8,5.1,13.5,0.056,0.1452,25.6,1,,
2013,11,00-0020531,Drew Brees,QB,13.1,-5.08,2.9,-0.0557,0.0319,25.6,1,,
2013,11,00-0025418,Greg Olsen,TE,18.7,1.28,10.5,0.0141,0.114,25.6,1,,
2013,11,00-0029660,Trevor Graham,WR,15.1,-2.76,4.9,-0.0303,0.0538,25.6,1,,
2013,11,00-0028116,Aldrick Robinson,WR,14.0,-3.86,3.8,-0.0424,0.0417,25.6,1,,
2013,11,00-0029051,Jarrett Boykin,WR,15.1,-2.76,4.9,-0.0303,0.0538,25.6,1,,
2013,11,00-0028086,Denarius Moore,WR,9.1,-8.76,-1.1,-0.0955,-0.0121,25.6,0,,
2013,11,00-0030540,Aaron Dobson,WR,7.8,-10.06,-2.4,-0.1093,-0.0264,25.6,0,,
2013,11,00-0026158,Joseph Flacco,QB,7.48,-10.7,-2.72,-0.1161,-0.0299,25.6,0,,
2013,11,00-0028061,Tandon Doss,WR,6.7,-11.16,-3.5,-0.1209,-0.0385,25.6,0,,
2013,11,00-0025549,Brent Celek,TE,5.7,-11.72,-2.5,-0.1268,-0.0275,25.6,0,,
2013,11,00-0024242,DeAngelo Williams,RB,4.5,-13.2,-4.8,-0.1421,-0.0527,25.6,0,,
2013,11,00-0029273,Robert Turbin,RB,3.9,-13.8,-5.4,-0.1483,-0.0592,25.6,0,,
2013,11,00-0030287,Andre Ellington,RB,3.3,-14.4,-6.0,-0.1544,-0.0657,25.6,0,,
2013,11,00-0026998,Percy Harvin,WR,2.7,-15.16,-7.5,-0.1621,-0.082,25.6,0,,
2013,11,00-0030443,Levine Toilolo,TE,2.1,-15.32,-6.1,-0.1637,-0.0668,25.6,0,,
2013,11,00-0027918,Andrew Hawkins,WR,1.6,-16.26,-8.6,-0.1731,-0.0938,25.6,0,,
2013,11,00-0026153,Jonathan Stewart,RB,1.0,-16.7,-8.3,-0.1775,-0.0906,25.6,0,,
2013,11,00-0030533,Matthew Barkley,QB,0.0,-18.18,-10.2,-0.192,-0.1108,25.6,0,,
2013,11,00-0028792,Kevin Cone,WR,0.0,-17.86,-10.2,-0.1889,-0.1108,25.6,0,,
2013,11,00-0029119,Derek Carrier,TE,0.0,-17.42,-8.2,-0.1846,-0.0895,25.6,0,,
2013,11,00-0027606,Trindon Holliday,WR,0.0,-17.86,-10.2,-0.1889,-0.1108,25.6,0,,
2013,11,00-0026780,Kevin Ogletree,WR,0.0,-17.86,-10.2,-0.1889,-0.1108,25.6,0,,
2013,11,00-0023437,Ronnie Brown,RB,0.0,-17.7,-9.3,-0.1873,-0.1013,25.6,0,,
2013,11,00-0028063,Taiwan Jones,RB,0.0,-17.7,-9.3,-0.1873,-0.1013,25.6,0,,
2013,11,00-0029108,Derek Moye,WR,0.0,-17.86,-10.2,-0.1889,-0.1108,25.6,0,,
2013,11,00-0027893,Damian Williams,WR,0.0,-17.86,-10.2,-0.1889,-0.1108,25.6,0,,
2013,11,00-0029793,Brandon Williams,TE,0.0,-17.42,-8.2,-0.1846,-0.0895,25.6,0,,
2013,11,00-0029791,Ronnie Wingo,RB,0.0,-17.7,-9.3,-0.1873,-0.1013,25.6,0,,
2013,11,00-0030272,Jacob Stoneburner,TE,0.0,-17.42,-8.2,-0.1846,-0.0895,25.6,0,,
2013,11,00-0028825,Terrelle Pryor,WR,0.0,-17.86,-10.2,-0.1889,-0.1108,25.6,0,,
2013,11,00-0030134,Michael Ford,RB,0.0,-17.7,-9.3,-0.1873,-0.1013,25.6,0,,
2013,11,00-0030565,Eugene Smith,QB,-4.88,-23.06,-15.08,-0.2377,-0.1613,25.6,0,,
2013,11,00-0027873,Jermaine Gresham,TE,11.7,-5.72,3.5,-0.0627,0.0385,25.6,1,,
2013,11,00-0029668,Andrew Luck,QB,18.38,0.2,8.18,0.0022,0.0893,25.6,1,,
2013,11,00-0026195,Raymell Rice,RB,23.8,6.1,14.5,0.0668,0.1554,25.6,1,,
2013,11,00-0028000,Daniel Thomas,RB,12.9,-4.8,3.6,-0.0527,0.0396,25.6,1,,
2013,11,00-0019596,Thomas Brady,QB,14.14,-4.04,3.94,-0.0444,0.0433,25.6,1,,
2013,11,00-0028007,Robert Housler,TE,16.0,-1.42,7.8,-0.0156,0.0852,25.6,1,,
2013,11,00-0026224,Harry Douglas,WR,25.4,7.54,15.2,0.0824,0.1625,25.6,1,,
2013,11,00-0023496,Vincent Jackson,WR,32.5,14.64,22.3,0.1569,0.2308,25.6,1,,
2013,11,00-0023462,Sharod White,WR,10.6,-7.26,0.4,-0.0793,0.0044,25.6,1,,
2013,11,00-0024240,Santonio Holmes,WR,9.1,-8.76,-1.1,-0.0955,-0.0121,25.6,0,,
2013,11,00-0028986,Casey Keenum,QB,7.8,-10.38,-2.4,-0.1127,-0.0264,25.6,0,,
2013,11,00-0023367,Nathaniel Washington,WR,7.3,-10.56,-2.9,-0.1146,-0.0319,25.6,0,,
2013,11,00-0025394,Adrian Peterson,RB,6.5,-11.2,-2.8,-0.1213,-0.0308,25.6,0,,
2013,11,00-0029615,Lamar Miller,RB,5.7,-12.0,-3.6,-0.1297,-0.0396,25.6,0,,
2013,11,00-0027259,Jacob Ballard,TE,4.4,-13.02,-3.8,-0.1403,-0.0417,25.6,0,,
2013,11,00-0027966,Mark Ingram,RB,3.9,-13.8,-5.4,-0.1483,-0.0592,25.6,0,,
2013,11,00-0022922,Kellen Winslow,TE,3.2,-14.22,-5.0,-0.1526,-0.0549,25.6,0,,
2013,11,00-0030472,Jordan Reed,TE,2.7,-14.72,-5.5,-0.1577,-0.0603,25.6,0,,
2013,11,00-0030085,Kenneth Stills,WR,2.1,-15.76,-8.1,-0.1681,-0.0884,25.6,0,,
2013,11,00-0024324,Jason Avant,WR,1.5,-16.36,-8.7,-0.1741,-0.0948,25.6,0,,
2013,11,00-0023176,Joshua Cribbs,WR,0.9,-16.96,-9.3,-0.18,-0.1013,25.6,0,,
2013,11,00-0027057,Brandon Tate,WR,0.0,-17.86,-10.2,-0.1889,-0.1108,25.6,0,,
2013,11,00-0030047,Marquess Wilson,WR,0.0,-17.86,-10.2,-0.1889,-0.1108,25.6,0,,
2013,11,00-0029604,Kirk Cousins,QB,0.0,-18.18,-10.2,-0.192,-0.1108,25.6,0,,
2013,11,00-0024267,Gregory Jennings,WR,0.0,-17.86,-10.2,-0.1889,-0.1108,25.6,0,,
2013,11,00-0029857,Ryan Griffin,QB,0.0,-18.18,-10.2,-0.192,-0.1108,25.6,0,,
2013,11,00-0030107,Theodore Riddick,RB,0.0,-17.7,-9.3,-0.1873,-0.1013,25.6,0,,
2013,11,00-0029175,Jacob Byrne,TE,0.0,-17.42,-8.2,-0.1846,-0.0895,25.6,0,,
2013,11,00-0023968,Micheal Spurlock,WR,0.0,-17.86,-10.2,-0.1889,-0.1108,25.6,0,,
2013,11,00-0026225,Craig Stevens,TE,0.0,-17.42,-8.2,-0.1846,-0.0895,25.6,0,,
2013,11,00-0030422,Dion Sims,TE,0.0,-17.42,-8.2,-0.1846,-0.0895,25.6,0,,
2013,11,00-0026544,William Daniel,QB,0.0,-18.18,-10.2,-0.192,-0.1108,25.6,0,,
2013,11,00-0027109,James Casey,TE,0.0,-17.42,-8.2,-0.1846,-0.0895,25.6,0,,
2013,11,00-0029934,Rodney Smith,WR,0.0,-17.86,-10.2,-0.1889,-0.1108,25.6,0,,
2013,11,00-0029868,Skye Dawson,WR,0.0,-17.86,-10.2,-0.1889,-0.1108,25.6,0,,
2013,11,00-0029275,Ladarius Green,TE,14.1,-3.32,5.9,-0.0365,0.0647,25.6,1,,
2013,11,00-0022924,Benjamin Roethlisberger,QB,31.88,13.7,21.68,0.1473,0.2251,25.6,1,,
2013,11,00-0030496,Le'Veon Bell,RB,12.8,-4.9,3.5,-0.0538,0.0385,25.6,1,,
2013,11,00-0027531,Christopher Ivory,RB,15.8,-1.9,6.5,-0.0209,0.0712,25.6,1,,
2013,11,00-0027973,Andrew Dalton,QB,11.72,-6.46,1.52,-0.0707,0.0167,25.6,1,,
2013,11,00-0028112,Charles Clay,TE,24.0,6.58,15.8,0.072,0.1686,25.6,1,,
2013,11,00-0027265,Victor Cruz,WR,19.0,1.14,8.8,0.0126,0.0959,25.6,1,,
2013,11,00-0028434,Douglas Baldwin,WR,14.3,-3.56,4.1,-0.0391,0.045,25.6,1,,
2013,11,00-0030550,Tracy Sanders,WR,14.1,-3.76,3.9,-0.0413,0.0428,25.6,1,,
2013,11,00-0027005,Hakeem Nicks,WR,9.0,-8.86,-1.2,-0.0965,-0.0132,25.6,0,,
2013,11,00-0030216,Joshua Hill,TE,7.8,-9.62,-0.4,-0.1046,-0.0044,25.6,0,,
2013,11,00-0028045,Kristopher Durham,WR,7.2,-10.66,-3.0,-0.1156,-0.033,25.6,0,,
2013,11,00-0029151,Matthew Simms,QB,6.4,-11.78,-3.8,-0.1274,-0.0417,25.6,0,,
2013,11,00-0026019,Danny Woodhead,RB,5.7,-12.0,-3.6,-0.1297,-0.0396,25.6,0,,
2013,11,00-0027691,Andre Roberts,WR,4.4,-13.46,-5.8,-0.1448,-0.0636,25.6,0,,
2013,11,00-0029778,Darius Johnson,WR,3.8,-14.06,-6.4,-0.1509,-0.0701,25.6,0,,
2013,11,00-0027786,Jonathan Dwyer,RB,3.2,-14.5,-6.1,-0.1554,-0.0668,25.6,0,,
2013,11,00-0027942,Adriel Green,WR,2.7,-15.16,-7.5,-0.1621,-0.082,25.6,0,,
2013,11,00-0026878,Tom Crabtree,TE,2.0,-15.42,-6.2,-0.1647,-0.0679,25.6,0,,
2013,11,00-0028017,Leonard Hankerson,WR,1.5,-16.36,-8.7,-0.1741,-0.0948,25.6,0,,
2013,11,00-0030432,Christine Michael,RB,0.9,-16.8,-8.4,-0.1785,-0.0916,25.6,0,,
2013,11,00-0027755,Brandon Reed,WR,0.0,-17.86,-10.2,-0.1889,-0.1108,25.6,0,,
2013,11,00-0028198,Matthew Asiata,RB,0.0,-17.7,-9.3,-0.1873,-0.1013,25.6,0,,
2013,11,00-0026367,Peyton Hillis,RB,0.0,-17.7,-9.3,-0.1873,-0.1013,25.6,0,,
2013,11,00-0026314,Joshua Morgan,WR,0.0,-17.86,-10.2,-0.1889,-0.1108,25.6,0,,
2013,11,00-0030147,Russell Shepard,WR,0.0,-17.86,-10.2,-0.1889,-0.1108,25.6,0,,
2013,11,00-0028581,Patrick DiMarco,RB,0.0,-17.7,-9.3,-0.1873,-0.1013,25.6,0,,
2013,11,00-0028984,Brian Tyms,WR,0.0,-17.86,-10.2,-0.1889,-0.1108,25.6,0,,
2013,11,00-0030450,Quinton Patton,WR,0.0,-17.86,-10.2,-0.1889,-0.1108,25.6,0,,
2013,11,00-0028093,Niles Paul,TE,0.0,-17.42,-8.2,-0.1846,-0.0895,25.6,0,,
2013,11,00-0023630,Joel Dreessen,TE,0.0,-17.42,-8.2,-0.1846,-0.0895,25.6,0,,
2013,11,00-0024272,Devin Hester,WR,0.0,-17.86,-10.2,-0.1889,-0.1108,25.6,0,,
2013,11,00-0029694,Michael Egnew,TE,0.0,-17.42,-8.2,-0.1846,-0.0895,25.6,0,,
2013,11,00-0029587,Rhett Ellison,TE,0.0,-17.42,-8.2,-0.1846,-0.0895,25.6,0,,
2013,11,00-0024535,Eric Weems,WR,0.0,-17.86,-10.2,-0.1889,-0.1108,25.6,0,,
2013,12,00-0027581,Oluseyi Ajirotutu,WR,9.6,-8.15,0.2,-0.0919,0.0023,24.8,1,,
2013,12,00-0022924,Benjamin Roethlisberger,QB,16.38,-0.6,6.38,-0.0068,0.0721,24.8,1,,
2013,12,00-0029795,Benjamin Cunningham,RB,15.9,-1.83,6.4,-0.0207,0.0724,24.8,1,,
2013,12,00-0027864,Ryan Mathews,RB,13.5,-4.23,4.0,-0.0479,0.0454,24.8,1,,
2013,12,00-0026143,Matthew Ryan,QB,12.68,-4.3,2.68,-0.0487,0.0304,24.8,1,,
2013,12,00-0027656,Robert Gronkowski,TE,25.5,9.5,16.8,0.1066,0.1839,24.8,1,,
2013,12,00-0030521,Justin Hunter,WR,22.9,5.15,13.5,0.0583,0.1498,24.8,1,,
2013,12,00-0027685,Emmanuel Sanders,WR,17.2,-0.55,7.8,-0.0063,0.0879,24.8,1,,
2013,12,00-0025465,James Jones,WR,15.0,-2.75,5.6,-0.0313,0.0634,24.8,1,,
2013,12,00-0010346,Peyton Manning,QB,10.0,-6.98,0.0,-0.0788,0.0,24.8,0,,
2013,12,00-0026314,Joshua Morgan,WR,8.5,-9.25,-0.9,-0.104,-0.0102,24.8,0,,
2013,12,00-0026983,Darrius Heyward-Bey,WR,7.2,-10.55,-2.2,-0.1182,-0.025,24.8,0,,
2013,12,00-0027681,Brandon LaFell,WR,5.6,-12.15,-3.8,-0.1354,-0.0431,24.8,0,,
2013,12,00-0030216,Joshua Hill,TE,4.6,-11.4,-4.1,-0.1274,-0.0465,24.8,0,,
2013,12,00-0025396,Theodore Ginn,WR,4.1,-13.65,-5.3,-0.1514,-0.06,24.8,0,,
2013,12,00-0024243,Marcedes Lewis,TE,3.3,-12.7,-5.4,-0.1413,-0.0611,24.8,0,,
2013,12,00-0025414,Robert Meachem,WR,2.8,-14.95,-6.6,-0.165,-0.0746,24.8,0,,
2013,12,00-0024240,Santonio Holmes,WR,2.2,-15.55,-7.2,-0.1712,-0.0813,24.8,0,,
2013,12,00-0026373,Justin Forsett,RB,1.9,-15.83,-7.6,-0.174,-0.0857,24.8,0,,
2013,12,00-0027690,Eric Decker,WR,1.5,-16.25,-7.9,-0.1784,-0.0891,24.8,0,,
2013,12,00-0030280,Knile Davis,RB,0.3,-17.43,-9.2,-0.1902,-0.1034,24.8,0,,
2013,12,00-0030078,Johnathan Franklin,RB,0.0,-17.73,-9.5,-0.1932,-0.1067,24.8,0,,
2013,12,00-0027893,Damian Williams,WR,0.0,-17.75,-9.4,-0.1935,-0.1056,24.8,0,,
2013,12,00-0027259,Jacob Ballard,TE,0.0,-16.0,-8.7,-0.1758,-0.0979,24.8,0,,
2013,12,00-0028974,Henry Lewis,WR,0.0,-17.75,-9.4,-0.1935,-0.1056,24.8,0,,
2013,12,00-0028613,Phillip Tanner,RB,0.0,-17.73,-9.5,-0.1932,-0.1067,24.8,0,,
2013,12,00-0027819,Dorin Dickerson,TE,0.0,-16.0,-8.7,-0.1758,-0.0979,24.8,0,,
2013,12,00-0028115,Evan Royster,RB,0.0,-17.73,-9.5,-0.1932,-0.1067,24.8,0,,
2013,12,00-0025701,Ewart Battle,RB,0.0,-17.73,-9.5,-0.1932,-0.1067,24.8,0,,
2013,12,00-0029183,Daniel Noble,TE,0.0,-16.0,-8.7,-0.1758,-0.0979,24.8,0,,
2013,12,00-0025592,Jordan Palmer,QB,0.0,-16.98,-10.0,-0.1857,-0.1122,24.8,0,,
2013,12,00-0028838,Larry Donnell,TE,0.0,-16.0,-8.7,-0.1758,-0.0979,24.8,0,,
2013,12,00-0027134,Curtis Painter,QB,0.0,-16.98,-10.0,-0.1857,-0.1122,24.8,0,,
2013,12,00-0022847,Benjamin Hartsock,TE,0.0,-16.0,-8.7,-0.1758,-0.0979,24.8,0,,
2013,12,00-0023367,Nathaniel Washington,WR,9.5,-8.25,0.1,-0.093,0.0011,24.8,1,,
2013,12,00-0026498,John Stafford,QB,16.48,-0.5,6.48,-0.0056,0.0732,24.8,1,,
2013,12,00-0027994,Shane Vereen,RB,17.1,-0.62,7.6,-0.0071,0.0857,24.8,1,,
2013,12,00-0027094,Andre Brown,RB,19.8,2.07,10.3,0.0236,0.1154,24.8,1,,
2013,12,00-0022803,Elisha Manning,QB,14.96,-2.02,4.96,-0.0229,0.0562,24.8,1,,
2013,12,00-0024221,Vernon Davis,TE,17.0,1.0,8.3,0.0113,0.0935,24.8,1,,
2013,12,00-0026176,Jordy Nelson,WR,9.8,-7.95,0.4,-0.0896,0.0045,24.8,1,,
2013,12,00-0027077,Brian Hartline,WR,12.8,-4.95,3.4,-0.0561,0.0386,24.8,1,,
2013,12,00-0026182,William Royal,WR,12.7,-5.05,3.3,-0.0573,0.0375,24.8,1,,
2013,12,00-0028064,Bilal Powell,RB,9.5,-8.23,0.0,-0.0926,0.0,24.8,0,,
2013,12,00-0026178,John Carlson,TE,8.1,-7.9,-0.6,-0.0891,-0.0068,24.8,0,,
2013,12,00-0022427,Wesley Welker,WR,7.1,-10.65,-2.3,-0.1193,-0.0261,24.8,0,,
2013,12,00-0022044,Andre Johnson,WR,5.6,-12.15,-3.8,-0.1354,-0.0431,24.8,0,,
2013,12,00-0028121,Jordan Todman,RB,4.6,-13.13,-4.9,-0.1458,-0.0555,24.8,0,,
2013,12,00-0027356,Marlon Moore,WR,4.0,-13.75,-5.4,-0.1524,-0.0611,24.8,0,,
2013,12,00-0029000,Cole Beasley,WR,3.3,-14.45,-6.1,-0.1598,-0.069,24.8,0,,
2013,12,00-0023921,Miles Austin,WR,2.7,-15.05,-6.7,-0.166,-0.0757,24.8,0,,
2013,12,00-0029415,Keshawn Martin,WR,2.2,-15.55,-7.2,-0.1712,-0.0813,24.8,0,,
2013,12,00-0028841,William Johnson,RB,1.9,-15.83,-7.6,-0.174,-0.0857,24.8,0,,
2013,12,00-0029673,DeVier Posey,WR,1.5,-16.25,-7.9,-0.1784,-0.0891,24.8,0,,
2013,12,00-0029868,Skye Dawson,WR,0.1,-17.65,-9.3,-0.1925,-0.1045,24.8,0,,
2013,12,00-0029441,Jeremy Stewart,RB,0.0,-17.73,-9.5,-0.1932,-0.1067,24.8,0,,
2013,12,00-0029091,Bradley Sowell,TE,0.0,-16.0,-8.7,-0.1758,-0.0979,24.8,0,,
2013,12,00-0028119,Richard Gordon,TE,0.0,-16.0,-8.7,-0.1758,-0.0979,24.8,0,,
2013,12,00-0023630,Joel Dreessen,TE,0.0,-16.0,-8.7,-0.1758,-0.0979,24.8,0,,
2013,12,00-0030512,Nicholas Kasa,TE,0.0,-16.0,-8.7,-0.1758,-0.0979,24.8,0,,
2013,12,00-0028542,Lestar Jean,WR,0.0,-17.75,-9.4,-0.1935,-0.1056,24.8,0,,
2013,12,00-0024296,Charlie Whitehurst,QB,0.0,-16.98,-10.0,-0.1857,-0.1122,24.8,0,,
2013,12,00-0028156,Ryan Taylor,TE,0.0,-16.0,-8.7,-0.1758,-0.0979,24.8,0,,
2013,12,00-0028020,Vincent Brown,WR,0.0,-17.75,-9.4,-0.1935,-0.1056,24.8,0,,
2013,12,00-0027322,David Nelson,WR,0.0,-17.75,-9.4,-0.1935,-0.1056,24.8,0,,
2013,12,00-0030460,Markus Wheaton,WR,0.0,-17.75,-9.4,-0.1935,-0.1056,24.8,0,,
2013,12,00-0027215,James Paulsen,TE,0.0,-16.0,-8.7,-0.1758,-0.0979,24.8,0,,
2013,12,00-0023968,Micheal Spurlock,WR,0.0,-17.75,-9.4,-0.1935,-0.1056,24.8,0,,
2013,12,00-0027718,Garrett Graham,TE,10.7,-5.3,2.0,-0.0601,0.0227,24.8,1,,
2013,12,00-0019596,Thomas Brady,QB,23.76,6.79,13.76,0.0767,0.1525,24.8,1,,
2013,12,00-0030485,Eddie Lacy,RB,27.8,10.07,18.3,0.113,0.199,24.8,1,,
2013,12,00-0025394,Adrian Peterson,RB,19.8,2.07,10.3,0.0236,0.1154,24.8,1,,
2013,12,00-0027950,Christian Ponder,QB,12.82,-4.16,2.82,-0.0471,0.032,24.8,1,,
2013,12,00-0026267,Jacob Tamme,TE,18.2,2.2,9.5,0.0249,0.1067,24.8,1,,
2013,12,00-0029051,Jarrett Boykin,WR,17.0,-0.75,7.6,-0.0086,0.0857,24.8,1,,
2013,12,00-0027793,Antonio Brown,WR,20.4,2.65,11.0,0.0301,0.123,24.8,1,,
2013,12,00-0020337,Stevonne Smith,WR,11.9,-5.85,2.5,-0.0662,0.0284,24.8,1,,
2013,12,00-0029262,Rueben Randle,WR,9.4,-8.35,0.0,-0.0941,0.0,24.8,0,,
2013,12,00-0023496,Vincent Jackson,WR,8.1,-9.65,-1.3,-0.1084,-0.0148,24.8,0,,
2013,12,00-0022165,Dallas Clark,TE,6.9,-9.1,-1.8,-0.1023,-0.0205,24.8,0,,
2013,12,00-0028045,Kristopher Durham,WR,5.6,-12.15,-3.8,-0.1354,-0.0431,24.8,0,,
2013,12,00-0029665,Robert Griffin,QB,4.42,-12.56,-5.58,-0.1397,-0.0632,24.8,0,,
2013,12,00-0030565,Eugene Smith,QB,3.98,-13.0,-6.02,-0.1444,-0.0681,24.8,0,,
2013,12,00-0029588,Daniel Herron,RB,3.3,-14.43,-6.2,-0.1595,-0.0701,24.8,0,,
2013,12,00-0027265,Victor Cruz,WR,2.7,-15.05,-6.7,-0.166,-0.0757,24.8,0,,
2013,12,00-0030422,Dion Sims,TE,2.1,-13.9,-6.6,-0.154,-0.0746,24.8,0,,
2013,12,00-0030564,DeAndre Hopkins,WR,1.8,-15.95,-7.6,-0.1753,-0.0857,24.8,0,,
2013,12,00-0026577,Marcus Thigpen,WR,1.4,-16.35,-8.0,-0.1794,-0.0902,24.8,0,,
2013,12,00-0029391,Sean McGrath,TE,0.0,-16.0,-8.7,-0.1758,-0.0979,24.8,0,,
2013,12,00-0027139,John Phillips,TE,0.0,-16.0,-8.7,-0.1758,-0.0979,24.8,0,,
2013,12,00-0028093,Niles Paul,TE,0.0,-16.0,-8.7,-0.1758,-0.0979,24.8,0,,
2013,12,00-0028116,Aldrick Robinson,WR,0.0,-17.75,-9.4,-0.1935,-0.1056,24.8,0,,
2013,12,00-0023541,Kyle Orton,QB,0.0,-16.98,-10.0,-0.1857,-0.1122,24.8,0,,
2013,12,00-0026644,Josh Vaughan,RB,0.0,-17.73,-9.5,-0.1932,-0.1067,24.8,0,,
2013,12,00-0030370,Gregory Jenkins,WR,0.0,-17.75,-9.4,-0.1935,-0.1056,24.8,0,,
2013,12,00-0030540,Aaron Dobson,WR,0.0,-17.75,-9.4,-0.1935,-0.1056,24.8,0,,
2013,12,00-0030547,Denard Robinson,RB,0.0,-17.73,-9.5,-0.1932,-0.1067,24.8,0,,
2013,12,00-0029953,Lonnie Pryor,RB,0.0,-17.73,-9.5,-0.1932,-0.1067,24.8,0,,
2013,12,00-0029281,Adrien Robinson,TE,0.0,-16.0,-8.7,-0.1758,-0.0979,24.8,0,,
2013,12,00-0029614,Christopher Givens,WR,0.0,-17.75,-9.4,-0.1935,-0.1056,24.8,0,,
2013,12,00-0029274,Devon Wylie,WR,0.0,-17.75,-9.4,-0.1935,-0.1056,24.8,0,,
2013,12,00-0030450,Quinton Patton,WR,0.0,-17.75,-9.4,-0.1935,-0.1056,24.8,0,,
2013,12,00-0028007,Robert Housler,TE,11.1,-4.9,2.4,-0.0556,0.0273,24.8,1,,
2013,12,00-0021206,Joshua McCown,QB,18.48,1.5,8.48,0.0171,0.0955,24.8,1,,
2013,12,00-0026988,Knowshon Moreno,RB,30.0,12.27,20.5,0.1367,0.2204,24.8,1,,
2013,12,00-0026213,Jamaal Charles,RB,31.7,13.97,22.2,0.1548,0.2365,24.8,1,,
2013,12,00-0021678,Antonio Romo,QB,15.46,-1.52,5.46,-0.0172,0.0618,24.8,1,,
2013,12,00-0027135,Brandon Myers,TE,14.4,-1.6,5.7,-0.0182,0.0645,24.8,1,,
2013,12,00-0029778,Darius Johnson,WR,10.7,-7.05,1.3,-0.0796,0.0148,24.8,1,,
2013,12,00-0027651,Dexter McCluster,WR,12.8,-4.95,3.4,-0.0561,0.0386,24.8,1,,
2013,12,00-0029129,Rod Streater,WR,14.3,-3.45,4.9,-0.0392,0.0555,24.8,1,,
2013,12,00-0027996,James Smith,WR,9.4,-8.35,0.0,-0.0941,0.0,24.8,0,,
2013,12,00-0024466,Marques Colston,WR,8.0,-9.75,-1.4,-0.1095,-0.0159,24.8,0,,
2013,12,00-0028050,Gregory Salas,WR,6.8,-10.95,-2.6,-0.1225,-0.0295,24.8,0,,
2013,12,00-0029141,Alfred Morris,RB,5.2,-12.53,-4.3,-0.1394,-0.0488,24.8,0,,
2013,12,00-0028021,Jerrel Jernigan,WR,4.4,-13.35,-5.0,-0.1482,-0.0566,24.8,0,,
2013,12,00-0029601,Brandon Bostick,TE,3.9,-12.1,-4.8,-0.1349,-0.0544,24.8,0,,
2013,12,00-0029654,Alfred Jenkins,WR,3.2,-14.55,-6.2,-0.1608,-0.0701,24.8,0,,
2013,12,00-0030300,Jaron Brown,WR,2.6,-15.15,-6.8,-0.1671,-0.0768,24.8,0,,
2013,12,00-0030282,Stepfan Taylor,RB,2.1,-15.63,-7.4,-0.1719,-0.0835,24.8,0,,
2013,12,00-0028142,Virgil Green,TE,1.8,-14.2,-6.9,-0.1572,-0.0779,24.8,0,,
2013,12,00-0026225,Craig Stevens,TE,1.4,-14.6,-7.3,-0.1614,-0.0824,24.8,0,,
2013,12,00-0028016,Austin Pettis,WR,0.0,-17.75,-9.4,-0.1935,-0.1056,24.8,0,,
2013,12,00-0021570,Kassim Osgood,WR,0.0,-17.75,-9.4,-0.1935,-0.1056,24.8,0,,
2013,12,00-0028863,Dominique Davis,QB,0.0,-16.98,-10.0,-0.1857,-0.1122,24.8,0,,
2013,12,00-0029667,Nicholas Toon,WR,0.0,-17.75,-9.4,-0.1935,-0.1056,24.8,0,,
2013,12,00-0027995,Mikel Leshoure,RB,0.0,-17.73,-9.5,-0.1932,-0.1067,24.8,0,,
2013,12,00-0026544,William Daniel,QB,0.0,-16.98,-10.0,-0.1857,-0.1122,24.8,0,,
2013,12,00-0029098,Eric Page,WR,0.0,-17.75,-9.4,-0.1935,-0.1056,24.8,0,,
2013,12,00-0029848,Nick Williams,WR,0.0,-17.75,-9.4,-0.1935,-0.1056,24.8,0,,
2013,12,00-0030043,Da'Rick Rogers,WR,0.0,-17.75,-9.4,-0.1935,-0.1056,24.8,0,,
2013,12,00-0030394,Zac Dysert,QB,0.0,-16.98,-10.0,-0.1857,-0.1122,24.8,0,,
2013,12,00-0027796,Joseph Webb,QB,0.0,-16.98,-10.0,-0.1857,-0.1122,24.8,0,,
2013,12,00-0027005,Hakeem Nicks,WR,0.0,-17.75,-9.4,-0.1935,-0.1056,24.8,0,,
2013,12,00-0025708,Matthew Moore,QB,0.0,-16.98,-10.0,-0.1857,-0.1122,24.8,0,,
2013,12,00-0030524,Matthew Jones,QB,0.0,-16.98,-10.0,-0.1857,-0.1122,24.8,0,,
2013,12,00-0026000,Davone Bess,WR,9.7,-8.05,0.3,-0.0908,0.0034,24.8,1,,
2013,12,00-0021429,Carson Palmer,QB,19.56,2.58,9.56,0.0294,0.1073,24.8,1,,
2013,12,00-0026184,Matthew Forte,RB,16.7,-1.03,7.2,-0.0117,0.0813,24.8,1,,
2013,12,00-0030578,Cordarrelle Patterson,RB,13.4,-4.33,3.9,-0.049,0.0442,24.8,1,,
2013,12,00-0029668,Andrew Luck,QB,13.62,-3.36,3.62,-0.0381,0.0411,24.8,1,,
2013,12,00-0029910,Timothy Wright,TE,19.5,3.5,10.8,0.0397,0.1209,24.8,1,,
2013,12,00-0025410,Dwayne Bowe,WR,16.1,-1.65,6.7,-0.0188,0.0757,24.8,1,,
2013,12,00-0030279,Keenan Allen,WR,21.4,3.65,12.0,0.0414,0.1338,24.8,1,,
2013,12,00-0029708,Kendall Wright,WR,22.3,4.55,12.9,0.0515,0.1434,24.8,1,,
2013,12,00-0030287,Andre Ellington,RB,9.1,-8.63,-0.4,-0.0971,-0.0045,24.8,0,,
2013,12,00-0028040,Jordan Cameron,TE,7.7,-8.3,-1.0,-0.0935,-0.0114,24.8,0,,
2013,12,00-0030522,Montee Ball,RB,6.7,-11.03,-2.8,-0.1233,-0.0318,24.8,0,,
2013,12,00-0030108,Ryan Griffin,TE,5.2,-10.8,-3.5,-0.1209,-0.0397,24.8,0,,
2013,12,00-0023462,Sharod White,WR,4.4,-13.35,-5.0,-0.1482,-0.0566,24.8,0,,
2013,12,00-0029640,Brian Quick,WR,3.9,-13.85,-5.5,-0.1535,-0.0623,24.8,0,,
2013,12,00-0029580,Rishard Matthews,WR,3.2,-14.55,-6.2,-0.1608,-0.0701,24.8,0,,
2013,12,00-0028876,Collin Mooney,RB,2.6,-15.13,-6.9,-0.1668,-0.0779,24.8,0,,
2013,12,00-0030443,Levine Toilolo,TE,2.1,-13.9,-6.6,-0.154,-0.0746,24.8,0,,
2013,12,00-0027786,Jonathan Dwyer,RB,1.8,-15.93,-7.7,-0.175,-0.0868,24.8,0,,
2013,12,00-0027772,Anthony Dixon,RB,1.3,-16.43,-8.2,-0.1801,-0.0924,24.8,0,,
2013,12,00-0023662,Matthew Cassel,QB,0.0,-16.98,-10.0,-0.1857,-0.1122,24.8,0,,
2013,12,00-0028086,Denarius Moore,WR,0.0,-17.75,-9.4,-0.1935,-0.1056,24.8,0,,
2013,12,00-0029151,Matthew Simms,QB,0.0,-16.98,-10.0,-0.1857,-0.1122,24.8,0,,
2013,12,00-0028995,Stephen Hill,WR,0.0,-17.75,-9.4,-0.1935,-0.1056,24.8,0,,
2013,12,00-0029634,James Hanna,TE,0.0,-16.0,-8.7,-0.1758,-0.0979,24.8,0,,
2013,12,00-0028651,Michael McNeill,TE,0.0,-16.0,-8.7,-0.1758,-0.0979,24.8,0,,
2013,12,00-0030128,Michael Cox,RB,0.0,-17.73,-9.5,-0.1932,-0.1067,24.8,0,,
2013,12,00-0030272,Jacob Stoneburner,TE,0.0,-16.0,-8.7,-0.1758,-0.0979,24.8,0,,
2013,12,00-0029298,Cyrus Gray,RB,0.0,-17.73,-9.5,-0.1932,-0.1067,24.8,0,,
2013,12,00-0027775,Russell Smith,QB,0.0,-16.98,-10.0,-0.1857,-0.1122,24.8,0,,
2013,12,00-0027779,Deji Karim,RB,0.0,-17.73,-9.5,-0.1932,-0.1067,24.8,0,,
2013,12,00-0023645,Derek Anderson,QB,0.0,-16.98,-10.0,-0.1857,-0.1122,24.8,0,,
2013,12,00-0028114,Dwayne Harris,WR,0.0,-17.75,-9.4,-0.1935,-0.1056,24.8,0,,
2013,12,00-0028011,Stevan Ridley,RB,-0.6,-18.33,-10.1,-0.1992,-0.1132,24.8,0,,
2013,12,00-0027675,Edward Dickson,TE,10.0,-6.0,1.3,-0.0679,0.0148,24.8,1,,
2013,12,00-0027974,Colin Kaepernick,QB,22.4,5.42,12.4,0.0614,0.1381,24.8,1,,
2013,12,00-0022736,Steven Jackson,RB,16.9,-0.83,7.4,-0.0094,0.0835,24.8,1,,
2013,12,00-0030536,Zachary Stacy,RB,16.7,-1.03,7.2,-0.0117,0.0813,24.8,1,,
2013,12,00-0024264,Kellen Clemens,QB,12.38,-4.6,2.38,-0.0521,0.027,24.8,1,,
2013,12,00-0025418,Greg Olsen,TE,16.9,0.9,8.2,0.0102,0.0924,24.8,1,,
2013,12,00-0025389,Calvin Johnson,WR,18.5,0.75,9.1,0.0085,0.1023,24.8,1,,
2013,12,00-0026173,Donnie Avery,WR,19.1,1.35,9.7,0.0153,0.1089,24.8,1,,
2013,12,00-0022084,Anquan Boldin,WR,26.4,8.65,17.0,0.0973,0.1859,24.8,1,,
2013,12,00-0026197,Chad Henne,QB,8.86,-8.12,-1.14,-0.0914,-0.013,24.8,0,,
2013,12,00-0027890,Benjamin Tate,RB,7.7,-10.03,-1.8,-0.1124,-0.0205,24.8,0,,
2013,12,00-0024242,DeAngelo Williams,RB,6.7,-11.03,-2.8,-0.1233,-0.0318,24.8,0,,
2013,12,00-0027753,Andrew Quarless,TE,5.2,-10.8,-3.5,-0.1209,-0.0397,24.8,0,,
2013,12,00-0023500,Franklin Gore,RB,4.4,-13.33,-5.1,-0.1479,-0.0578,24.8,0,,
2013,12,00-0030470,Vance McDonald,TE,3.8,-12.2,-4.9,-0.136,-0.0555,24.8,0,,
2013,12,00-0023437,Ronnie Brown,RB,3.2,-14.53,-6.3,-0.1605,-0.0712,24.8,0,,
2013,12,00-0023176,Joshua Cribbs,WR,2.52,-15.23,-6.88,-0.1679,-0.0777,24.8,0,,
2013,12,00-0030544,Gavin Escobar,TE,2.0,-14.0,-6.7,-0.1551,-0.0757,24.8,0,,
2013,12,00-0028606,Kerry Taylor,WR,1.7,-16.05,-7.7,-0.1763,-0.0868,24.8,0,,
2013,12,00-0028053,Kendall Hunter,RB,1.2,-16.53,-8.3,-0.1811,-0.0935,24.8,0,,
2013,12,00-0022121,Rex Grossman,QB,0.0,-16.98,-10.0,-0.1857,-0.1122,24.8,0,,
2013,12,00-0022864,Luke McCown,QB,0.0,-16.98,-10.0,-0.1857,-0.1122,24.8,0,,
2013,12,00-0029311,Kenneth Hemingway,WR,0.0,-17.75,-9.4,-0.1935,-0.1056,24.8,0,,
2013,12,00-0029793,Brandon Williams,TE,0.0,-16.0,-8.7,-0.1758,-0.0979,24.8,0,,
2013,12,00-0027825,James Dray,TE,0.0,-16.0,-8.7,-0.1758,-0.0979,24.8,0,,
2013,12,00-0024272,Devin Hester,WR,0.0,-17.75,-9.4,-0.1935,-0.1056,24.8,0,,
2013,12,00-0030586,Ryan Nassib,QB,0.0,-16.98,-10.0,-0.1857,-0.1122,24.8,0,,
2013,12,00-0026780,Kevin Ogletree,WR,0.0,-17.75,-9.4,-0.1935,-0.1056,24.8,0,,
2013,12,00-0026008,Matthew Mulligan,TE,0.0,-16.0,-8.7,-0.1758,-0.0979,24.8,0,,
2013,12,00-0028012,Ryan Mallett,QB,0.0,-16.98,-10.0,-0.1857,-0.1122,24.8,0,,
2013,12,00-0028453,Patrick Devlin,QB,0.0,-16.98,-10.0,-0.1857,-0.1122,24.8,0,,
2013,12,00-0030134,Michael Ford,RB,0.0,-17.73,-9.5,-0.1932,-0.1067,24.8,0,,
2013,12,00-0028353,Andre Smith,TE,0.0,-16.0,-8.7,-0.1758,-0.0979,24.8,0,,
2013,12,00-0027325,LeGarrette Blount,RB,-0.7,-18.43,-10.2,-0.2002,-0.1143,24.8,0,,
2013,12,00-0024268,Anthony Fasano,TE,14.1,-1.9,5.4,-0.0216,0.0611,24.8,1,,
2013,12,00-0023682,Ryan Fitzpatrick,QB,22.4,5.42,12.4,0.0614,0.1381,24.8,1,,
2013,12,00-0026164,Christopher Johnson,RB,11.1,-6.63,1.6,-0.0749,0.0182,24.8,1,,
2013,12,00-0026163,Rashard Mendenhall,RB,14.8,-2.93,5.3,-0.0332,0.06,24.8,1,,
2013,12,00-0030419,Matthew McGloin,QB,13.0,-3.98,3.0,-0.0451,0.0341,24.8,1,,
2013,12,00-0026201,Martellus Bennett,TE,18.2,2.2,9.5,0.0249,0.1067,24.8,1,,
2013,12,00-0026210,Earl Bennett,WR,13.8,-3.95,4.4,-0.0449,0.0499,24.8,1,,
2013,12,00-0026345,Pierre Garcon,WR,12.8,-4.95,3.4,-0.0561,0.0386,24.8,1,,
2013,12,00-0029638,Michael Floyd,WR,17.4,-0.35,8.0,-0.004,0.0902,24.8,1,,
2013,12,00-0029608,Eugene Hilton,WR,8.8,-8.95,-0.6,-0.1007,-0.0068,24.8,0,,
2013,12,00-0022943,Benjamin Watson,TE,7.6,-8.4,-1.1,-0.0946,-0.0125,24.8,0,,
2013,12,00-0029004,Lance Dunbar,RB,6.6,-11.13,-2.9,-0.1244,-0.0329,24.8,0,,
2013,12,00-0028263,Andre Holmes,WR,5.2,-12.55,-4.2,-0.1397,-0.0476,24.8,0,,
2013,12,00-0026153,Jonathan Stewart,RB,4.4,-13.33,-5.1,-0.1479,-0.0578,24.8,0,,
2013,12,00-0026195,Raymell Rice,RB,3.7,-14.03,-5.8,-0.1553,-0.0656,24.8,0,,
2013,12,00-0027966,Mark Ingram,RB,3.2,-14.53,-6.3,-0.1605,-0.0712,24.8,0,,
2013,12,00-0027218,Joique Bell,RB,2.5,-15.23,-7.0,-0.1678,-0.079,24.8,0,,
2013,12,00-0027445,Jeron Mastrud,TE,2.0,-14.0,-6.7,-0.1551,-0.0757,24.8,0,,
2013,12,00-0015754,Brandon Stokley,WR,1.7,-16.05,-7.7,-0.1763,-0.0868,24.8,0,,
2013,12,00-0022178,Willis McGahee,RB,1.2,-16.53,-8.3,-0.1811,-0.0935,24.8,0,,
2013,12,00-0027755,Brandon Reed,WR,0.0,-17.75,-9.4,-0.1935,-0.1056,24.8,0,,
2013,12,00-0028792,Kevin Cone,WR,0.0,-17.75,-9.4,-0.1935,-0.1056,24.8,0,,
2013,12,00-0029424,Marvin McNutt,WR,0.0,-17.75,-9.4,-0.1935,-0.1056,24.8,0,,
2013,12,00-0029119,Derek Carrier,TE,0.0,-16.0,-8.7,-0.1758,-0.0979,24.8,0,,
2013,12,00-0027583,Richard Brockel,TE,0.0,-16.0,-8.7,-0.1758,-0.0979,24.8,0,,
2013,12,00-0024345,Domenik Hixon,WR,0.0,-17.75,-9.4,-0.1935,-0.1056,24.8,0,,
2013,12,00-0028903,Garrett Celek,TE,0.0,-16.0,-8.7,-0.1758,-0.0979,24.8,0,,
2013,12,00-0030274,Myles White,WR,0.0,-17.75,-9.4,-0.1935,-0.1056,24.8,0,,
2013,12,00-0029260,LaMichael James,RB,0.0,-17.73,-9.5,-0.1932,-0.1067,24.8,0,,
2013,12,00-0028249,Jeremy Ross,WR,0.0,-17.75,-9.4,-0.1935,-0.1056,24.8,0,,
2013,12,00-0021231,David Garrard,QB,0.0,-16.98,-10.0,-0.1857,-0.1122,24.8,0,,
2013,12,00-0028063,Taiwan Jones,RB,0.0,-17.73,-9.5,-0.1932,-0.1067,24.8,0,,
2013,12,00-0030151,Tyler Bray,QB,0.0,-16.98,-10.0,-0.1857,-0.1122,24.8,0,,
2013,12,00-0029587,Rhett Ellison,TE,11.6,-4.4,2.9,-0.0499,0.0329,24.8,1,,
2013,12,00-0027939,Cameron Newton,QB,20.06,3.08,10.06,0.035,0.1128,24.8,1,,
2013,12,00-0027888,Tobinbo Gerhart,RB,10.6,-7.13,1.1,-0.0804,0.0125,24.8,1,,
2013,12,00-0027155,Rashad Jennings,RB,16.2,-1.53,6.7,-0.0173,0.0757,24.8,1,,
2013,12,00-0029677,Brandon Weeden,QB,10.56,-6.42,0.56,-0.0725,0.0064,24.8,1,,
2013,12,00-0029275,Ladarius Green,TE,18.5,2.5,9.8,0.0283,0.11,24.8,1,,
2013,12,00-0028052,Cecil Shorts,WR,15.1,-2.65,5.7,-0.0301,0.0645,24.8,1,,
2013,12,00-0030525,Tavon Austin,WR,18.4,0.65,9.0,0.0073,0.1012,24.8,1,,
2013,12,00-0024334,Brandon Marshall,WR,27.7,9.95,18.3,0.1116,0.199,24.8,1,,
2013,12,00-0028112,Charles Clay,TE,8.7,-7.3,0.0,-0.0824,0.0,24.8,0,,
2013,12,00-0023545,Brandon Jacobs,RB,7.5,-10.23,-2.0,-0.1146,-0.0227,24.8,0,,
2013,12,00-0021547,Antonio Gates,TE,6.6,-9.4,-2.1,-0.1056,-0.0239,24.8,0,,
2013,12,00-0028986,Casey Keenum,QB,4.96,-12.02,-5.04,-0.134,-0.0571,24.8,0,,
2013,12,00-0028043,Roy Helu,RB,4.3,-13.43,-5.2,-0.149,-0.0589,24.8,0,,
2013,12,00-0027997,Gregory Little,WR,3.7,-14.05,-5.7,-0.1556,-0.0645,24.8,0,,
2013,12,00-0029731,Foswhitt Whittaker,RB,3.1,-14.63,-6.4,-0.1616,-0.0724,24.8,0,,
2013,12,00-0030514,Mychal Rivera,TE,2.5,-13.5,-6.2,-0.1498,-0.0701,24.8,0,,
2013,12,00-0026931,McKenna Pascoe,TE,2.0,-14.0,-6.7,-0.1551,-0.0757,24.8,0,,
2013,12,00-0028307,Andrew Davis,WR,1.7,-16.05,-7.7,-0.1763,-0.0868,24.8,0,,
2013,12,00-0029205,Travaris Cadet,RB,1.2,-16.53,-8.3,-0.1811,-0.0935,24.8,0,,
2013,12,00-0030516,Brice Butler,WR,0.0,-17.75,-9.4,-0.1935,-0.1056,24.8,0,,
2013,12,00-0027202,Michael Palmer,TE,0.0,-16.0,-8.7,-0.1758,-0.0979,24.8,0,,
2013,12,00-0024408,Bruce Gradkowski,QB,0.0,-16.98,-10.0,-0.1857,-0.1122,24.8,0,,
2013,12,00-0029604,Kirk Cousins,QB,0.0,-16.98,-10.0,-0.1857,-0.1122,24.8,0,,
2013,12,00-0027006,Kenneth Britt,WR,0.0,-17.75,-9.4,-0.1935,-0.1056,24.8,0,,
2013,12,00-0027606,Trindon Holliday,WR,0.0,-17.75,-9.4,-0.1935,-0.1056,24.8,0,,
2013,12,00-0029682,Brock Osweiler,QB,0.0,-16.98,-10.0,-0.1857,-0.1122,24.8,0,,
2013,12,00-0029857,Ryan Griffin,QB,0.0,-16.98,-10.0,-0.1857,-0.1122,24.8,0,,
2013,12,00-0030465,Kenjon Barner,RB,0.0,-17.73,-9.5,-0.1932,-0.1067,24.8,0,,
2013,12,00-0030107,Theodore Riddick,RB,0.0,-17.73,-9.5,-0.1932,-0.1067,24.8,0,,
2013,12,00-0030292,Brad Sorensen,QB,0.0,-16.98,-10.0,-0.1857,-0.1122,24.8,0,,
2013,12,00-0029572,Jarius Wright,WR,0.0,-17.75,-9.4,-0.1935,-0.1056,24.8,0,,
2013,12,00-0023578,Daniel Orlovsky,QB,0.0,-16.98,-10.0,-0.1857,-0.1122,24.8,0,,
2013,12,00-0024389,Hubert Walker,TE,12.1,-3.9,3.4,-0.0443,0.0386,24.8,1,,
2013,12,00-0022942,Philip Rivers,QB,27.78,10.8,17.78,0.1209,0.1938,24.8,1,,
2013,12,00-0030496,Le'Veon Bell,RB,11.8,-5.93,2.3,-0.067,0.0261,24.8,1,,
2013,12,00-0026019,Danny Woodhead,RB,23.0,5.27,13.5,0.0597,0.1498,24.8,1,,
2013,12,00-0028595,Scott Tolzien,QB,12.42,-4.56,2.42,-0.0516,0.0275,24.8,1,,
2013,12,00-0027061,Jared Cook,TE,20.0,4.0,11.3,0.0453,0.1263,24.8,1,,
2013,12,00-0026901,Burnell Wallace,WR,23.7,5.95,14.3,0.0673,0.1582,24.8,1,,
2013,12,00-0027150,Julian Edelman,WR,32.0,14.25,22.6,0.1576,0.2402,24.8,1,,
2013,12,00-0025460,Jacoby Jones,WR,20.3,2.55,10.9,0.0289,0.1219,24.8,1,,
2013,12,00-0029615,Lamar Miller,RB,8.7,-9.03,-0.8,-0.1015,-0.0091,24.8,0,,
2013,12,00-0025487,Michael Bush,RB,7.5,-10.23,-2.0,-0.1146,-0.0227,24.8,0,,
2013,12,00-0029548,LaVon Brazill,WR,6.5,-11.25,-2.9,-0.1258,-0.0329,24.8,0,,
2013,12,00-0024267,Gregory Jennings,WR,4.9,-12.85,-4.5,-0.1429,-0.051,24.8,0,,
2013,12,00-0027791,James Starks,RB,4.2,-13.53,-5.3,-0.15,-0.06,24.8,0,,
2013,12,00-0027531,Christopher Ivory,RB,3.5,-14.23,-6.0,-0.1574,-0.0679,24.8,0,,
2013,12,00-0028000,Daniel Thomas,RB,3.0,-14.73,-6.5,-0.1626,-0.0735,24.8,0,,
2013,12,00-0027321,Jeffrey Cumberland,TE,2.4,-13.6,-6.3,-0.1509,-0.0712,24.8,0,,
2013,12,00-0029626,Isaiah Pead,RB,2.0,-15.73,-7.5,-0.1729,-0.0846,24.8,0,,
2013,12,00-0029854,Cortrelle Anderson,RB,1.6,-16.12,-7.9,-0.1771,-0.0891,24.8,0,,
2013,12,00-0026855,Antone Smith,RB,1.1,-16.62,-8.4,-0.1821,-0.0946,24.8,0,,
2013,12,00-0020679,Shaun Hill,QB,0.0,-16.98,-10.0,-0.1857,-0.1122,24.8,0,,
2013,12,00-0030047,Marquess Wilson,WR,0.0,-17.75,-9.4,-0.1935,-0.1056,24.8,0,,
2013,12,00-0030181,John Doyle,TE,0.0,-16.0,-8.7,-0.1758,-0.0979,24.8,0,,
2013,12,00-0028930,Joshua Cooper,WR,0.0,-17.75,-9.4,-0.1935,-0.1056,24.8,0,,
2013,12,00-0030091,Tavarres King,WR,0.0,-17.75,-9.4,-0.1935,-0.1056,24.8,0,,
2013,12,00-0028067,Julius Thomas,TE,0.0,-16.0,-8.7,-0.1758,-0.0979,24.8,0,,
2013,12,00-0029999,Zachary Sudfeld,TE,0.0,-16.0,-8.7,-0.1758,-0.0979,24.8,0,,
2013,12,00-0030147,Russell Shepard,WR,0.0,-17.75,-9.4,-0.1935,-0.1056,24.8,0,,
2013,12,00-0028795,Chase Reynolds,RB,0.0,-17.73,-9.5,-0.1932,-0.1067,24.8,0,,
2013,12,00-0022811,Jerricho Cotchery,WR,0.0,-17.75,-9.4,-0.1935,-0.1056,24.8,0,,
2013,12,00-0027688,Daniel McCoy,QB,0.0,-16.98,-10.0,-0.1857,-0.1122,24.8,0,,
2013,12,00-0029175,Jacob Byrne,TE,0.0,-16.0,-8.7,-0.1758,-0.0979,24.8,0,,
2013,12,00-0026144,Darren McFadden,RB,0.0,-17.73,-9.5,-0.1932,-0.1067,24.8,0,,
2013,12,00-0023465,Earl Miller,TE,11.6,-4.4,2.9,-0.0499,0.0329,24.8,1,,
2013,12,00-0023436,Alexander Smith,QB,21.46,4.48,11.46,0.0508,0.128,24.8,1,,
2013,12,00-0028009,DeMarco Murray,RB,15.6,-2.13,6.1,-0.0241,0.069,24.8,1,,
2013,12,00-0029239,Brandon Bolden,RB,13.9,-3.83,4.4,-0.0434,0.0499,24.8,1,,
2013,12,00-0026349,Matthew Flynn,QB,15.12,-1.86,5.12,-0.0211,0.058,24.8,1,,
2013,12,00-0029697,Jacoby Fleener,TE,17.5,1.5,8.8,0.017,0.099,24.8,1,,
2013,12,00-0027874,Demaryius Thomas,WR,14.1,-3.65,4.7,-0.0415,0.0533,24.8,1,,
2013,12,00-0030000,Kenbrell Thompkins,WR,11.6,-6.15,2.2,-0.0696,0.025,24.8,1,,
2013,12,00-0021999,Nathaniel Burleson,WR,19.7,1.95,10.3,0.0221,0.1154,24.8,1,,
2013,12,00-0029137,Alshon Jeffery,WR,8.6,-9.15,-0.8,-0.1029,-0.0091,24.8,0,,
2013,12,00-0026186,Jerome Simpson,WR,7.4,-10.35,-2.0,-0.116,-0.0227,24.8,0,,
2013,12,00-0022922,Kellen Winslow,TE,6.4,-9.6,-2.3,-0.1078,-0.0261,24.8,0,,
2013,12,00-0029492,Jamize Olawale,RB,4.7,-13.03,-4.8,-0.1447,-0.0544,24.8,0,,
2013,12,00-0023310,Lance Moore,WR,4.2,-13.55,-5.2,-0.1503,-0.0589,24.8,0,,
2013,12,00-0029384,Bobby Rainey,RB,3.5,-14.23,-6.0,-0.1574,-0.0679,24.8,0,,
2013,12,00-0029264,Bernard Pierce,RB,3.0,-14.73,-6.5,-0.1626,-0.0735,24.8,0,,
2013,12,00-0027725,Clayton Harbor,TE,2.3,-13.7,-6.4,-0.1519,-0.0724,24.8,0,,
2013,12,00-0029694,Michael Egnew,TE,2.0,-14.0,-6.7,-0.1551,-0.0757,24.8,0,,
2013,12,00-0025439,Brian Leonard,RB,1.6,-16.12,-7.9,-0.1771,-0.0891,24.8,0,,
2013,12,00-0030400,Marlon Brown,WR,1.1,-16.65,-8.3,-0.1824,-0.0935,24.8,0,,
2013,12,00-0023564,Darren Sproles,RB,0.0,-17.73,-9.5,-0.1932,-0.1067,24.8,0,,
2013,12,00-0028198,Matthew Asiata,RB,0.0,-17.73,-9.5,-0.1932,-0.1067,24.8,0,,
2013,12,00-0024226,Jay Cutler,QB,0.0,-16.98,-10.0,-0.1857,-0.1122,24.8,0,,
2013,12,00-0028958,Cory Harkey,TE,0.0,-16.0,-8.7,-0.1758,-0.0979,24.8,0,,
2013,12,00-0023459,Aaron Rodgers,QB,0.0,-16.98,-10.0,-0.1857,-0.1122,24.8,0,,
2013,12,00-0029683,Ronnie Hillman,RB,0.0,-17.73,-9.5,-0.1932,-0.1067,24.8,0,,
2013,12,00-0028073,Richard Stanzi,QB,0.0,-16.98,-10.0,-0.1857,-0.1122,24.8,0,,
2013,12,00-0025542,Dante Rosario,TE,0.0,-16.0,-8.7,-0.1758,-0.0979,24.8,0,,
2013,12,00-0028825,Terrelle Pryor,WR,0.0,-17.75,-9.4,-0.1935,-0.1056,24.8,0,,
2013,12,00-0028581,Patrick DiMarco,RB,0.0,-17.73,-9.5,-0.1932,-0.1067,24.8,0,,
2013,12,00-0027732,Michael Hoomanawanui,TE,0.0,-16.0,-8.7,-0.1758,-0.0979,24.8,0,,
2013,12,00-0027985,Lance Kendricks,TE,0.0,-16.0,-8.7,-0.1758,-0.0979,24.8,0,,
2013,12,00-0028091,Jeremy Kerley,WR,0.0,-17.75,-9.4,-0.1935,-0.1056,24.8,0,,
2013,12,00-0026996,Brandon Pettigrew,TE,13.7,-2.3,5.0,-0.0262,0.0566,24.8,1,,
2013,12,00-0020531,Drew Brees,QB,18.52,1.54,8.52,0.0176,0.0959,24.8,1,,
2013,12,00-0030236,Dennis Johnson,RB,10.7,-7.03,1.2,-0.0793,0.0136,24.8,1,,
2013,12,00-0024813,Charles Thomas,RB,18.0,0.27,8.5,0.0031,0.0957,24.8,1,,
2013,12,00-0026158,Joseph Flacco,QB,12.92,-4.06,2.92,-0.046,0.0332,24.8,1,,
2013,12,00-0027696,Jimmy Graham,TE,23.5,7.5,14.8,0.0846,0.1634,24.8,1,,
2013,12,00-0026224,Harry Douglas,WR,16.9,-0.85,7.5,-0.0097,0.0846,24.8,1,,
2013,12,00-0027902,Desmond Bryant,WR,16.6,-1.15,7.2,-0.0131,0.0813,24.8,1,,
2013,12,00-0022921,Larry Fitzgerald,WR,22.6,4.85,13.2,0.0549,0.1466,24.8,1,,
2013,12,00-0029883,Joseph Fauria,TE,8.5,-7.5,-0.2,-0.0847,-0.0023,24.8,0,,
2013,12,00-0027089,Louis Murphy,WR,7.4,-10.35,-2.0,-0.116,-0.0227,24.8,0,,
2013,12,00-0028083,Jacquizz Rodgers,RB,5.8,-11.93,-3.7,-0.133,-0.042,24.8,0,,
2013,12,00-0026035,Daniel Amendola,WR,4.7,-13.05,-4.7,-0.145,-0.0533,24.8,0,,
2013,12,00-0030085,Kenneth Stills,WR,4.2,-13.55,-5.2,-0.1503,-0.0589,24.8,0,,
2013,12,00-0029432,Jordan Ford,TE,3.5,-12.5,-5.2,-0.1392,-0.0589,24.8,0,,
2013,12,00-0030532,Stedman Bailey,WR,2.9,-14.85,-6.5,-0.1639,-0.0735,24.8,0,,
2013,12,00-0026162,Felix Jones,RB,2.3,-15.43,-7.2,-0.1699,-0.0813,24.8,0,,
2013,12,00-0030542,Terrance Williams,WR,2.0,-15.75,-7.4,-0.1732,-0.0835,24.8,0,,
2013,12,00-0027346,Alfonso Smith,RB,1.6,-16.12,-7.9,-0.1771,-0.0891,24.8,0,,
2013,12,00-0027003,Donald Brown,RB,0.9,-16.83,-8.6,-0.1842,-0.0968,24.8,0,,
2013,12,00-0028905,Christopher Owusu,WR,0.0,-17.75,-9.4,-0.1935,-0.1056,24.8,0,,
2013,12,00-0030433,Michael Gillislee,RB,0.0,-17.73,-9.5,-0.1932,-0.1067,24.8,0,,
2013,12,00-0028061,Tandon Doss,WR,0.0,-17.75,-9.4,-0.1935,-0.1056,24.8,0,,
2013,12,00-0028270,Weslye Saunders,TE,0.0,-16.0,-8.7,-0.1758,-0.0979,24.8,0,,
2013,12,00-0029234,Kellen Moore,QB,0.0,-16.98,-10.0,-0.1857,-0.1122,24.8,0,,
2013,12,00-0026281,Gary Barnidge,TE,0.0,-16.0,-8.7,-0.1758,-0.0979,24.8,0,,
2013,12,00-0027948,Blaine Gabbert,QB,0.0,-16.98,-10.0,-0.1857,-0.1122,24.8,0,,
2013,12,00-0027709,Jacoby Ford,WR,0.0,-17.75,-9.4,-0.1935,-0.1056,24.8,0,,
2013,12,00-0029934,Rodney Smith,WR,0.0,-17.75,-9.4,-0.1935,-0.1056,24.8,0,,
2013,12,00-0027964,Jonathan Baldwin,WR,0.0,-17.75,-9.4,-0.1935,-0.1056,24.8,0,,
2013,12,00-0030320,Michael Hill,RB,0.0,-17.73,-9.5,-0.1932,-0.1067,24.8,0,,
2013,12,00-0024535,Eric Weems,WR,0.0,-17.75,-9.4,-0.1935,-0.1056,24.8,0,,
2013,12,00-0026237,Andre Caldwell,WR,0.0,-17.75,-9.4,-0.1935,-0.1056,24.8,0,,
2013,12,00-0006101,Anthony Gonzalez,TE,10.3,-5.7,1.6,-0.0646,0.0182,24.8,1,,
2013,12,00-0029701,Ryan Tannehill,QB,18.0,1.02,8.0,0.0117,0.0902,24.8,1,,
2013,12,00-0024275,Maurice Jones-Drew,RB,26.4,8.67,16.9,0.0976,0.1849,24.8,1,,
2013,12,00-0024217,Reginald Bush,RB,14.0,-3.73,4.5,-0.0423,0.051,24.8,1,,
2013,12,00-0030520,Michael Glennon,QB,16.18,-0.8,6.18,-0.009,0.0699,24.8,1,,
2013,12,00-0022127,Christopher Witten,TE,21.7,5.7,13.0,0.0645,0.1445,24.8,1,,
2013,12,00-0030550,Tracy Sanders,WR,10.1,-7.65,0.7,-0.0863,0.008,24.8,1,,
2013,12,00-0029664,Joshua Gordon,WR,43.7,25.95,34.3,0.2701,0.3358,24.8,1,,
2013,12,00-0027156,Tiquan Underwood,WR,25.8,8.05,16.4,0.0907,0.1799,24.8,1,,
2013,12,00-0026235,Mario Manningham,WR,8.5,-9.25,-0.9,-0.104,-0.0102,24.8,0,,
2013,12,00-0027691,Andre Roberts,WR,7.3,-10.45,-2.1,-0.1171,-0.0239,24.8,0,,
2013,12,00-0020494,Santana Moss,WR,5.7,-12.05,-3.7,-0.1344,-0.042,24.8,0,,
2013,12,00-0029675,Trenton Richardson,RB,4.6,-13.13,-4.9,-0.1458,-0.0555,24.8,0,,
2013,12,00-0027140,Christopher Ogbonnaya,RB,4.1,-13.63,-5.4,-0.1511,-0.0611,24.8,0,,
2013,12,00-0029590,Taylor Thompson,TE,3.4,-12.6,-5.3,-0.1403,-0.06,24.8,0,,
2013,12,00-0023460,Jason Campbell,QB,2.86,-14.12,-7.14,-0.1562,-0.0806,24.8,0,,
2013,12,00-0028118,Tyrod Taylor,QB,2.3,-14.68,-7.7,-0.1621,-0.0868,24.8,0,,
2013,12,00-0030129,Justice Cunningham,TE,1.9,-14.1,-6.8,-0.1561,-0.0768,24.8,0,,
2013,12,00-0026899,Shonn Greene,RB,1.5,-16.23,-8.0,-0.1781,-0.0902,24.8,0,,
2013,12,00-0030348,Khiry Robinson,RB,0.4,-17.33,-9.1,-0.1892,-0.1023,24.8,0,,
2013,12,00-0028034,Alexander Green,RB,0.0,-17.73,-9.5,-0.1932,-0.1067,24.8,0,,
2013,12,00-0007091,Matthew Hasselbeck,QB,0.0,-16.98,-10.0,-0.1857,-0.1122,24.8,0,,
2013,12,00-0026293,Matthew Slater,WR,0.0,-17.75,-9.4,-0.1935,-0.1056,24.8,0,,
2013,12,00-0026367,Peyton Hillis,RB,0.0,-17.73,-9.5,-0.1932,-0.1067,24.8,0,,
2013,12,00-0026266,Lavelle Hawkins,WR,0.0,-17.75,-9.4,-0.1935,-0.1056,24.8,0,,
2013,12,00-0026878,Tom Crabtree,TE,0.0,-16.0,-8.7,-0.1758,-0.0979,24.8,0,,
2013,12,00-0029155,William Brown,WR,0.0,-17.75,-9.4,-0.1935,-0.1056,24.8,0,,
2013,12,00-0027069,Chase Coffman,TE,0.0,-16.0,-8.7,-0.1758,-0.0979,24.8,0,,
2013,12,00-0030388,Joseph Randle,RB,0.0,-17.73,-9.5,-0.1932,-0.1067,24.8,0,,
2013,12,00-0029218,David Paulson,TE,0.0,-16.0,-8.7,-0.1758,-0.0979,24.8,0,,
2013,12,00-0026188,Frederick Davis,TE,0.0,-16.0,-8.7,-0.1758,-0.0979,24.8,0,,
2013,12,00-0028984,Brian Tyms,WR,0.0,-17.75,-9.4,-0.1935,-0.1056,24.8,0,,
2013,12,00-0029108,Derek Moye,WR,0.0,-17.75,-9.4,-0.1935,-0.1056,24.8,0,,
2013,13,00-0024243,Marcedes Lewis,TE,13.1,-4.34,2.8,-0.0457,0.0295,26.8,1,,
2013,13,00-0022924,Benjamin Roethlisberger,QB,19.38,0.49,8.66,0.0051,0.0905,26.8,1,,
2013,13,00-0027864,Ryan Mathews,RB,14.2,-4.07,3.8,-0.0428,0.04,26.8,1,,
2013,13,00-0027003,Donald Brown,RB,14.4,-3.87,4.0,-0.0407,0.0421,26.8,1,,
2013,13,00-0021678,Antonio Romo,QB,11.9,-6.99,1.18,-0.0733,0.0124,26.8,1,,
2013,13,00-0025418,Greg Olsen,TE,16.0,-1.44,5.7,-0.0152,0.0599,26.8,1,,
2013,13,00-0026186,Jerome Simpson,WR,10.6,-8.55,0.5,-0.0894,0.0053,26.8,1,,
2013,13,00-0025396,Theodore Ginn,WR,12.7,-6.45,2.6,-0.0677,0.0274,26.8,1,,
2013,13,00-0029664,Joshua Gordon,WR,48.1,28.95,38.0,0.2778,0.3423,26.8,1,,
2013,13,00-0023662,Matthew Cassel,QB,10.72,-8.17,0.0,-0.0855,0.0,26.8,0,,
2013,13,00-0029608,Eugene Hilton,WR,9.6,-9.55,-0.5,-0.0997,-0.0053,26.8,0,,
2013,13,00-0029129,Rod Streater,WR,8.7,-10.45,-1.4,-0.1088,-0.0148,26.8,0,,
2013,13,00-0027718,Garrett Graham,TE,8.1,-9.34,-2.2,-0.0975,-0.0232,26.8,0,,
2013,13,00-0022922,Kellen Winslow,TE,7.1,-10.34,-3.2,-0.1077,-0.0337,26.8,0,,
2013,13,00-0030514,Mychal Rivera,TE,6.0,-11.44,-4.3,-0.1188,-0.0452,26.8,0,,
2013,13,00-0029000,Cole Beasley,WR,4.9,-14.25,-5.2,-0.1468,-0.0546,26.8,0,,
2013,13,00-0029626,Isaiah Pead,RB,3.7,-14.57,-6.7,-0.1499,-0.0703,26.8,0,,
2013,13,00-0027675,Edward Dickson,TE,3.1,-14.34,-7.2,-0.1476,-0.0754,26.8,0,,
2013,13,00-0022165,Dallas Clark,TE,2.3,-15.14,-8.0,-0.1555,-0.0837,26.8,0,,
2013,13,00-0026314,Joshua Morgan,WR,2.0,-17.15,-8.1,-0.1748,-0.0847,26.8,0,,
2013,13,00-0025414,Robert Meachem,WR,1.7,-17.45,-8.4,-0.1777,-0.0878,26.8,0,,
2013,13,00-0030085,Kenneth Stills,WR,1.3,-17.85,-8.8,-0.1815,-0.0919,26.8,0,,
2013,13,00-0026262,Tashard Choice,RB,0.1,-18.17,-10.3,-0.1844,-0.1073,26.8,0,,
2013,13,00-0027089,Louis Murphy,WR,0.0,-19.15,-10.1,-0.1936,-0.1052,26.8,0,,
2013,13,00-0026998,Percy Harvin,WR,0.0,-19.15,-10.1,-0.1936,-0.1052,26.8,0,,
2013,13,00-0030049,Christopher Gragg,TE,0.0,-17.44,-10.3,-0.1776,-0.1073,26.8,0,,
2013,13,00-0029098,Eric Page,WR,0.0,-19.15,-10.1,-0.1936,-0.1052,26.8,0,,
2013,13,00-0027069,Chase Coffman,TE,0.0,-17.44,-10.3,-0.1776,-0.1073,26.8,0,,
2013,13,00-0029281,Adrien Robinson,TE,0.0,-17.44,-10.3,-0.1776,-0.1073,26.8,0,,
2013,13,00-0029175,Jacob Byrne,TE,0.0,-17.44,-10.3,-0.1776,-0.1073,26.8,0,,
2013,13,00-0030432,Christine Michael,RB,0.0,-18.27,-10.4,-0.1854,-0.1083,26.8,0,,
2013,13,00-0026225,Craig Stevens,TE,0.0,-17.44,-10.3,-0.1776,-0.1073,26.8,0,,
2013,13,00-0026293,Matthew Slater,WR,0.0,-19.15,-10.1,-0.1936,-0.1052,26.8,0,,
2013,13,00-0027006,Kenneth Britt,WR,0.0,-19.15,-10.1,-0.1936,-0.1052,26.8,0,,
2013,13,00-0026281,Gary Barnidge,TE,0.0,-17.44,-10.3,-0.1776,-0.1073,26.8,0,,
2013,13,00-0029694,Michael Egnew,TE,0.0,-17.44,-10.3,-0.1776,-0.1073,26.8,0,,
2013,13,00-0029953,Lonnie Pryor,RB,0.0,-18.27,-10.4,-0.1854,-0.1083,26.8,0,,
2013,13,00-0021231,David Garrard,QB,0.0,-18.89,-10.72,-0.1912,-0.1115,26.8,0,,
2013,13,00-0030150,Matthew Tucker,RB,0.0,-18.27,-10.4,-0.1854,-0.1083,26.8,0,,
2013,13,00-0026178,John Carlson,TE,12.1,-5.34,1.8,-0.0561,0.019,26.8,1,,
2013,13,00-0029701,Ryan Tannehill,QB,21.44,2.55,10.72,0.0268,0.1115,26.8,1,,
2013,13,00-0025860,BenJarvus Green-Ellis,RB,14.5,-3.77,4.1,-0.0397,0.0431,26.8,1,,
2013,13,00-0027218,Joique Bell,RB,21.8,3.53,11.4,0.0372,0.1184,26.8,1,,
2013,13,00-0022942,Philip Rivers,QB,12.48,-6.41,1.76,-0.0673,0.0185,26.8,1,,
2013,13,00-0025425,Zachary Miller,TE,22.1,4.66,11.8,0.049,0.1224,26.8,1,,
2013,13,00-0027150,Julian Edelman,WR,19.1,-0.05,9.0,-0.0006,0.094,26.8,1,,
2013,13,00-0027793,Antonio Brown,WR,10.9,-8.25,0.8,-0.0863,0.0084,26.8,1,,
2013,13,00-0027265,Victor Cruz,WR,14.0,-5.15,3.9,-0.0542,0.041,26.8,1,,
2013,13,00-0027973,Andrew Dalton,QB,10.5,-8.39,-0.22,-0.0878,-0.0023,26.8,0,,
2013,13,00-0021547,Antonio Gates,TE,9.6,-7.84,-0.7,-0.0821,-0.0074,26.8,0,,
2013,13,00-0025410,Dwayne Bowe,WR,8.6,-10.55,-1.5,-0.1098,-0.0158,26.8,0,,
2013,13,00-0027156,Tiquan Underwood,WR,8.1,-11.05,-2.0,-0.1149,-0.0211,26.8,0,,
2013,13,00-0029264,Bernard Pierce,RB,6.9,-11.37,-3.5,-0.1181,-0.0368,26.8,0,,
2013,13,00-0030485,Eddie Lacy,RB,5.9,-12.37,-4.5,-0.1281,-0.0473,26.8,0,,
2013,13,00-0015754,Brandon Stokley,WR,4.7,-14.45,-5.4,-0.1488,-0.0567,26.8,0,,
2013,13,00-0026210,Earl Bennett,WR,3.7,-15.45,-6.4,-0.1585,-0.0671,26.8,0,,
2013,13,00-0025439,Brian Leonard,RB,3.0,-15.27,-7.4,-0.1567,-0.0775,26.8,0,,
2013,13,00-0028156,Ryan Taylor,TE,2.3,-15.14,-8.0,-0.1555,-0.0837,26.8,0,,
2013,13,00-0026577,Marcus Thigpen,WR,2.0,-17.15,-8.1,-0.1748,-0.0847,26.8,0,,
2013,13,00-0029848,Nick Williams,WR,1.6,-17.55,-8.5,-0.1786,-0.0889,26.8,0,,
2013,13,00-0026144,Darren McFadden,RB,1.3,-16.97,-9.1,-0.1731,-0.095,26.8,0,,
2013,13,00-0030533,Matthew Barkley,QB,0.0,-18.89,-10.72,-0.1912,-0.1115,26.8,0,,
2013,13,00-0021570,Kassim Osgood,WR,0.0,-19.15,-10.1,-0.1936,-0.1052,26.8,0,,
2013,13,00-0024226,Jay Cutler,QB,0.0,-18.89,-10.72,-0.1912,-0.1115,26.8,0,,
2013,13,00-0023459,Aaron Rodgers,QB,0.0,-18.89,-10.72,-0.1912,-0.1115,26.8,0,,
2013,13,00-0030128,Michael Cox,RB,0.0,-18.27,-10.4,-0.1854,-0.1083,26.8,0,,
2013,13,00-0025701,Ewart Battle,RB,0.0,-18.27,-10.4,-0.1854,-0.1083,26.8,0,,
2013,13,00-0030171,Christopher Pantale,TE,0.0,-17.44,-10.3,-0.1776,-0.1073,26.8,0,,
2013,13,00-0027985,Lance Kendricks,TE,0.0,-17.44,-10.3,-0.1776,-0.1073,26.8,0,,
2013,13,00-0022121,Rex Grossman,QB,0.0,-18.89,-10.72,-0.1912,-0.1115,26.8,0,,
2013,13,00-0028093,Niles Paul,TE,0.0,-17.44,-10.3,-0.1776,-0.1073,26.8,0,,
2013,13,00-0027259,Jacob Ballard,TE,0.0,-17.44,-10.3,-0.1776,-0.1073,26.8,0,,
2013,13,00-0030091,Tavarres King,WR,0.0,-19.15,-10.1,-0.1936,-0.1052,26.8,0,,
2013,13,00-0028237,Christopher Hogan,WR,0.0,-19.15,-10.1,-0.1936,-0.1052,26.8,0,,
2013,13,00-0025542,Dante Rosario,TE,0.0,-17.44,-10.3,-0.1776,-0.1073,26.8,0,,
2013,13,00-0029587,Rhett Ellison,TE,0.0,-17.44,-10.3,-0.1776,-0.1073,26.8,0,,
2013,13,00-0027732,Michael Hoomanawanui,TE,0.0,-17.44,-10.3,-0.1776,-0.1073,26.8,0,,
2013,13,00-0027873,Jermaine Gresham,TE,0.0,-17.44,-10.3,-0.1776,-0.1073,26.8,0,,
2013,13,00-0027825,James Dray,TE,13.1,-4.34,2.8,-0.0457,0.0295,26.8,1,,
2013,13,00-0029677,Brandon Weeden,QB,20.3,1.41,9.58,0.0148,0.0999,26.8,1,,
2013,13,00-0026184,Matthew Forte,RB,17.1,-1.17,6.7,-0.0123,0.0703,26.8,1,,
2013,13,00-0026213,Jamaal Charles,RB,19.0,0.73,8.6,0.0077,0.0899,26.8,1,,
2013,13,00-0026197,Chad Henne,QB,13.8,-5.09,3.08,-0.0535,0.0324,26.8,1,,
2013,13,00-0027696,Jimmy Graham,TE,14.7,-2.74,4.4,-0.0289,0.0463,26.8,1,,
2013,13,00-0027942,Adriel Green,WR,19.3,0.15,9.2,0.0015,0.096,26.8,1,,
2013,13,00-0023367,Nathaniel Washington,WR,13.1,-6.05,3.0,-0.0636,0.0316,26.8,1,,
2013,13,00-0029640,Brian Quick,WR,13.1,-6.05,3.0,-0.0636,0.0316,26.8,1,,
2013,13,00-0026035,Daniel Amendola,WR,10.4,-8.75,0.3,-0.0915,0.0032,26.8,1,,
2013,13,00-0029697,Jacoby Fleener,TE,9.5,-7.94,-0.8,-0.0831,-0.0084,26.8,0,,
2013,13,00-0022811,Jerricho Cotchery,WR,8.6,-10.55,-1.5,-0.1098,-0.0158,26.8,0,,
2013,13,00-0028043,Roy Helu,RB,8.0,-10.27,-2.4,-0.107,-0.0253,26.8,0,,
2013,13,00-0027691,Andre Roberts,WR,6.9,-12.25,-3.2,-0.127,-0.0337,26.8,0,,
2013,13,00-0030431,Robert Woods,WR,5.9,-13.25,-4.2,-0.1369,-0.0442,26.8,0,,
2013,13,00-0029910,Timothy Wright,TE,4.7,-12.74,-5.6,-0.1318,-0.0588,26.8,0,,
2013,13,00-0029415,Keshawn Martin,WR,3.7,-15.45,-6.4,-0.1585,-0.0671,26.8,0,,
2013,13,00-0024324,Jason Avant,WR,3.0,-16.15,-7.1,-0.1653,-0.0744,26.8,0,,
2013,13,00-0030422,Dion Sims,TE,2.3,-15.14,-8.0,-0.1555,-0.0837,26.8,0,,
2013,13,00-0024389,Hubert Walker,TE,2.0,-15.44,-8.3,-0.1584,-0.0868,26.8,0,,
2013,13,00-0029795,Benjamin Cunningham,RB,1.6,-16.67,-8.8,-0.1702,-0.0919,26.8,0,,
2013,13,00-0028995,Stephen Hill,WR,1.2,-17.95,-8.9,-0.1824,-0.093,26.8,0,,
2013,13,00-0029883,Joseph Fauria,TE,0.0,-17.44,-10.3,-0.1776,-0.1073,26.8,0,,
2013,13,00-0029435,Damaris Johnson,WR,0.0,-19.15,-10.1,-0.1936,-0.1052,26.8,0,,
2013,13,00-0028119,Richard Gordon,TE,0.0,-17.44,-10.3,-0.1776,-0.1073,26.8,0,,
2013,13,00-0029234,Kellen Moore,QB,0.0,-18.89,-10.72,-0.1912,-0.1115,26.8,0,,
2013,13,00-0030586,Ryan Nassib,QB,0.0,-18.89,-10.72,-0.1912,-0.1115,26.8,0,,
2013,13,00-0029878,MarQueis Gray,TE,0.0,-17.44,-10.3,-0.1776,-0.1073,26.8,0,,
2013,13,00-0027779,Deji Karim,RB,0.0,-18.27,-10.4,-0.1854,-0.1083,26.8,0,,
2013,13,00-0024279,Tarvaris Jackson,QB,0.0,-18.89,-10.72,-0.1912,-0.1115,26.8,0,,
2013,13,00-0026182,William Royal,WR,0.0,-19.15,-10.1,-0.1936,-0.1052,26.8,0,,
2013,13,00-0028021,Jerrel Jernigan,WR,0.0,-19.15,-10.1,-0.1936,-0.1052,26.8,0,,
2013,13,00-0029793,Brandon Williams,TE,0.0,-17.44,-10.3,-0.1776,-0.1073,26.8,0,,
2013,13,00-0026266,Lavelle Hawkins,WR,0.0,-19.15,-10.1,-0.1936,-0.1052,26.8,0,,
2013,13,00-0028337,Kyle Adams,TE,0.0,-17.44,-10.3,-0.1776,-0.1073,26.8,0,,
2013,13,00-0029588,Daniel Herron,RB,0.0,-18.27,-10.4,-0.1854,-0.1083,26.8,0,,
2013,13,00-0027775,Russell Smith,QB,0.0,-18.89,-10.72,-0.1912,-0.1115,26.8,0,,
2013,13,00-0030024,Jeffrey Tuel,QB,0.0,-18.89,-10.72,-0.1912,-0.1115,26.8,0,,
2013,13,00-0022847,Benjamin Hartsock,TE,0.0,-17.44,-10.3,-0.1776,-0.1073,26.8,0,,
2013,13,00-0029275,Ladarius Green,TE,13.5,-3.94,3.2,-0.0415,0.0337,26.8,1,,
2013,13,00-0010346,Peyton Manning,QB,31.82,12.93,21.1,0.1337,0.2114,26.8,1,,
2013,13,00-0024204,Fredrick Jackson,RB,23.8,5.53,13.4,0.0581,0.1384,26.8,1,,
2013,13,00-0025394,Adrian Peterson,RB,23.1,4.83,12.7,0.0508,0.1314,26.8,1,,
2013,13,00-0023682,Ryan Fitzpatrick,QB,15.44,-3.45,4.72,-0.0364,0.0496,26.8,1,,
2013,13,00-0025549,Brent Celek,TE,14.9,-2.54,4.6,-0.0268,0.0484,26.8,1,,
2013,13,00-0029638,Michael Floyd,WR,20.9,1.75,10.8,0.0184,0.1123,26.8,1,,
2013,13,00-0026901,Burnell Wallace,WR,21.2,2.05,11.1,0.0216,0.1154,26.8,1,,
2013,13,00-0029311,Kenneth Hemingway,WR,13.2,-5.95,3.1,-0.0625,0.0326,26.8,1,,
2013,13,00-0027725,Clayton Harbor,TE,10.3,-7.14,0.0,-0.0748,0.0,26.8,0,,
2013,13,00-0029615,Lamar Miller,RB,9.5,-8.77,-0.9,-0.0916,-0.0095,26.8,0,,
2013,13,00-0026364,Steven Johnson,WR,8.5,-10.65,-1.6,-0.1109,-0.0169,26.8,0,,
2013,13,00-0030282,Stepfan Taylor,RB,8.0,-10.27,-2.4,-0.107,-0.0253,26.8,0,,
2013,13,00-0022427,Wesley Welker,WR,6.8,-12.35,-3.3,-0.128,-0.0347,26.8,0,,
2013,13,00-0026000,Davone Bess,WR,5.8,-13.35,-4.3,-0.1379,-0.0452,26.8,0,,
2013,13,00-0029159,Jermaine Kearse,WR,4.6,-14.55,-5.5,-0.1497,-0.0578,26.8,0,,
2013,13,00-0029778,Darius Johnson,WR,3.6,-15.55,-6.5,-0.1595,-0.0682,26.8,0,,
2013,13,00-0028905,Christopher Owusu,WR,3.0,-16.15,-7.1,-0.1653,-0.0744,26.8,0,,
2013,13,00-0026983,Darrius Heyward-Bey,WR,2.2,-16.95,-7.9,-0.1729,-0.0827,26.8,0,,
2013,13,00-0030521,Justin Hunter,WR,1.9,-17.25,-8.2,-0.1758,-0.0858,26.8,0,,
2013,13,00-0030300,Jaron Brown,WR,1.6,-17.55,-8.5,-0.1786,-0.0889,26.8,0,,
2013,13,00-0028050,Gregory Salas,WR,1.0,-18.15,-9.1,-0.1843,-0.095,26.8,0,,
2013,13,00-0027057,Brandon Tate,WR,0.0,-19.15,-10.1,-0.1936,-0.1052,26.8,0,,
2013,13,00-0023176,Joshua Cribbs,WR,0.0,-19.15,-10.1,-0.1936,-0.1052,26.8,0,,
2013,13,00-0029667,Nicholas Toon,WR,0.0,-19.15,-10.1,-0.1936,-0.1052,26.8,0,,
2013,13,00-0024332,Leon Washington,RB,0.0,-18.27,-10.4,-0.1854,-0.1083,26.8,0,,
2013,13,00-0028903,Garrett Celek,TE,0.0,-17.44,-10.3,-0.1776,-0.1073,26.8,0,,
2013,13,00-0030547,Denard Robinson,RB,0.0,-18.27,-10.4,-0.1854,-0.1083,26.8,0,,
2013,13,00-0028453,Patrick Devlin,QB,0.0,-18.89,-10.72,-0.1912,-0.1115,26.8,0,,
2013,13,00-0028114,Dwayne Harris,WR,0.0,-19.15,-10.1,-0.1936,-0.1052,26.8,0,,
2013,13,00-0027139,John Phillips,TE,0.0,-17.44,-10.3,-0.1776,-0.1073,26.8,0,,
2013,13,00-0028863,Dominique Davis,QB,0.0,-18.89,-10.72,-0.1912,-0.1115,26.8,0,,
2013,13,00-0028930,Joshua Cooper,WR,0.0,-19.15,-10.1,-0.1936,-0.1052,26.8,0,,
2013,13,00-0029414,Orson Charles,TE,0.0,-17.44,-10.3,-0.1776,-0.1073,26.8,0,,
2013,13,00-0030370,Gregory Jenkins,WR,0.0,-19.15,-10.1,-0.1936,-0.1052,26.8,0,,
2013,13,00-0029590,Taylor Thompson,TE,0.0,-17.44,-10.3,-0.1776,-0.1073,26.8,0,,
2013,13,00-0028012,Ryan Mallett,QB,0.0,-18.89,-10.72,-0.1912,-0.1115,26.8,0,,
2013,13,00-0030134,Michael Ford,RB,0.0,-18.27,-10.4,-0.1854,-0.1083,26.8,0,,
2013,13,00-0026349,Matthew Flynn,QB,-0.04,-18.93,-10.76,-0.1916,-0.1119,26.8,0,,
2013,13,00-0023564,Darren Sproles,RB,11.3,-6.97,0.9,-0.0731,0.0095,26.8,1,,
2013,13,00-0021206,Joshua McCown,QB,21.2,2.31,10.48,0.0243,0.1091,26.8,1,,
2013,13,00-0022178,Willis McGahee,RB,15.1,-3.17,4.7,-0.0334,0.0494,26.8,1,,
2013,13,00-0026164,Christopher Johnson,RB,22.1,3.83,11.7,0.0403,0.1214,26.8,1,,
2013,13,00-0028986,Casey Keenum,QB,15.48,-3.41,4.76,-0.0359,0.05,26.8,1,,
2013,13,00-0028112,Charles Clay,TE,18.5,1.06,8.2,0.0112,0.0858,26.8,1,,
2013,13,00-0025389,Calvin Johnson,WR,22.1,2.95,12.0,0.031,0.1244,26.8,1,,
2013,13,00-0024267,Gregory Jennings,WR,20.8,1.65,10.7,0.0173,0.1113,26.8,1,,
2013,13,00-0028052,Cecil Shorts,WR,18.4,-0.75,8.3,-0.0079,0.0868,26.8,1,,
2013,13,00-0025516,William Chandler,TE,10.3,-7.14,0.0,-0.0748,0.0,26.8,0,,
2013,13,00-0027061,Jared Cook,TE,9.4,-8.04,-0.9,-0.0841,-0.0095,26.8,0,,
2013,13,00-0024334,Brandon Marshall,WR,8.5,-10.65,-1.6,-0.1109,-0.0169,26.8,0,,
2013,13,00-0027758,Riley Cooper,WR,7.8,-11.35,-2.3,-0.1179,-0.0242,26.8,0,,
2013,13,00-0027322,David Nelson,WR,6.7,-12.45,-3.4,-0.129,-0.0358,26.8,0,,
2013,13,00-0026019,Danny Woodhead,RB,5.5,-12.77,-4.9,-0.1321,-0.0515,26.8,0,,
2013,13,00-0026201,Martellus Bennett,TE,4.4,-13.04,-5.9,-0.1348,-0.0619,26.8,0,,
2013,13,00-0030520,Michael Glennon,QB,3.5,-15.39,-7.22,-0.1579,-0.0757,26.8,0,,
2013,13,00-0029239,Brandon Bolden,RB,3.0,-15.27,-7.4,-0.1567,-0.0775,26.8,0,,
2013,13,00-0027888,Tobinbo Gerhart,RB,2.2,-16.07,-8.2,-0.1645,-0.0858,26.8,0,,
2013,13,00-0029675,Trenton Richardson,RB,1.9,-16.37,-8.5,-0.1673,-0.0889,26.8,0,,
2013,13,00-0030474,Joshua Boyce,WR,1.6,-17.55,-8.5,-0.1786,-0.0889,26.8,0,,
2013,13,00-0028116,Aldrick Robinson,WR,0.9,-18.25,-9.2,-0.1852,-0.096,26.8,0,,
2013,13,00-0027188,Chandler Hall,WR,0.0,-19.15,-10.1,-0.1936,-0.1052,26.8,0,,
2013,13,00-0030108,Ryan Griffin,TE,0.0,-17.44,-10.3,-0.1776,-0.1073,26.8,0,,
2013,13,00-0027445,Jeron Mastrud,TE,0.0,-17.44,-10.3,-0.1776,-0.1073,26.8,0,,
2013,13,00-0028613,Phillip Tanner,RB,0.0,-18.27,-10.4,-0.1854,-0.1083,26.8,0,,
2013,13,00-0029682,Brock Osweiler,QB,0.0,-18.89,-10.72,-0.1912,-0.1115,26.8,0,,
2013,13,00-0029260,LaMichael James,RB,0.0,-18.27,-10.4,-0.1854,-0.1083,26.8,0,,
2013,13,00-0030292,Brad Sorensen,QB,0.0,-18.89,-10.72,-0.1912,-0.1115,26.8,0,,
2013,13,00-0028353,Andre Smith,TE,0.0,-17.44,-10.3,-0.1776,-0.1073,26.8,0,,
2013,13,00-0026235,Mario Manningham,WR,0.0,-19.15,-10.1,-0.1936,-0.1052,26.8,0,,
2013,13,00-0026162,Felix Jones,RB,0.0,-18.27,-10.4,-0.1854,-0.1083,26.8,0,,
2013,13,00-0028270,Weslye Saunders,TE,0.0,-17.44,-10.3,-0.1776,-0.1073,26.8,0,,
2013,13,00-0029791,Ronnie Wingo,RB,0.0,-18.27,-10.4,-0.1854,-0.1083,26.8,0,,
2013,13,00-0028595,Scott Tolzien,QB,0.0,-18.89,-10.72,-0.1912,-0.1115,26.8,0,,
2013,13,00-0020245,Michael Vick,QB,0.0,-18.89,-10.72,-0.1912,-0.1115,26.8,0,,
2013,13,00-0027346,Alfonso Smith,RB,0.0,-18.27,-10.4,-0.1854,-0.1083,26.8,0,,
2013,13,00-0029868,Skye Dawson,WR,0.0,-19.15,-10.1,-0.1936,-0.1052,26.8,0,,
2013,13,00-0020679,Shaun Hill,QB,-0.2,-19.09,-10.92,-0.1931,-0.1135,26.8,0,,
2013,13,00-0026195,Raymell Rice,RB,13.0,-5.27,2.6,-0.0554,0.0274,26.8,1,,
2013,13,00-0027939,Cameron Newton,QB,27.32,8.43,16.6,0.0881,0.1695,26.8,1,,
2013,13,00-0029141,Alfred Morris,RB,14.3,-3.97,3.9,-0.0418,0.041,26.8,1,,
2013,13,00-0027029,LeSean McCoy,RB,16.5,-1.77,6.1,-0.0187,0.064,26.8,1,,
2013,13,00-0021429,Carson Palmer,QB,17.98,-0.91,7.26,-0.0096,0.0761,26.8,1,,
2013,13,00-0027215,James Paulsen,TE,14.6,-2.84,4.3,-0.0299,0.0452,26.8,1,,
2013,13,00-0027681,Brandon LaFell,WR,12.6,-6.55,2.5,-0.0688,0.0263,26.8,1,,
2013,13,00-0027690,Eric Decker,WR,49.4,30.25,39.3,0.2879,0.3505,26.8,1,,
2013,13,00-0022921,Larry Fitzgerald,WR,18.2,-0.95,8.1,-0.0101,0.0847,26.8,1,,
2013,13,00-0028040,Jordan Cameron,TE,10.3,-7.14,0.0,-0.0748,0.0,26.8,0,,
2013,13,00-0025460,Jacoby Jones,WR,9.3,-9.85,-0.8,-0.1027,-0.0084,26.8,0,,
2013,13,00-0027891,Golden Tate,WR,8.5,-10.65,-1.6,-0.1109,-0.0169,26.8,0,,
2013,13,00-0020531,Drew Brees,QB,7.78,-11.11,-2.94,-0.1155,-0.031,26.8,0,,
2013,13,00-0024466,Marques Colston,WR,6.7,-12.45,-3.4,-0.129,-0.0358,26.8,0,,
2013,13,00-0027140,Christopher Ogbonnaya,RB,5.4,-12.87,-5.0,-0.1331,-0.0526,26.8,0,,
2013,13,00-0026188,Frederick Davis,TE,4.3,-13.14,-6.0,-0.1358,-0.063,26.8,0,,
2013,13,00-0020494,Santana Moss,WR,3.5,-15.65,-6.6,-0.1604,-0.0692,26.8,0,,
2013,13,00-0023921,Miles Austin,WR,2.8,-16.35,-7.3,-0.1672,-0.0765,26.8,0,,
2013,13,00-0027753,Andrew Quarless,TE,2.2,-15.24,-8.1,-0.1564,-0.0847,26.8,0,,
2013,13,00-0029632,Mohamed Sanu,WR,1.9,-17.25,-8.2,-0.1758,-0.0858,26.8,0,,
2013,13,00-0027950,Christian Ponder,QB,1.6,-17.29,-9.12,-0.1762,-0.0952,26.8,0,,
2013,13,00-0028053,Kendall Hunter,RB,0.7,-17.57,-9.7,-0.1788,-0.1012,26.8,0,,
2013,13,00-0030516,Brice Butler,WR,0.0,-19.15,-10.1,-0.1936,-0.1052,26.8,0,,
2013,13,00-0028792,Kevin Cone,WR,0.0,-19.15,-10.1,-0.1936,-0.1052,26.8,0,,
2013,13,00-0027253,Thaddeus Lewis,QB,0.0,-18.89,-10.72,-0.1912,-0.1115,26.8,0,,
2013,13,00-0030512,Nicholas Kasa,TE,0.0,-17.44,-10.3,-0.1776,-0.1073,26.8,0,,
2013,13,00-0029999,Zachary Sudfeld,TE,0.0,-17.44,-10.3,-0.1776,-0.1073,26.8,0,,
2013,13,00-0028795,Chase Reynolds,RB,0.0,-18.27,-10.4,-0.1854,-0.1083,26.8,0,,
2013,13,00-0027688,Daniel McCoy,QB,0.0,-18.89,-10.72,-0.1912,-0.1115,26.8,0,,
2013,13,00-0023578,Daniel Orlovsky,QB,0.0,-18.89,-10.72,-0.1912,-0.1115,26.8,0,,
2013,13,00-0030216,Joshua Hill,TE,0.0,-17.44,-10.3,-0.1776,-0.1073,26.8,0,,
2013,13,00-0027708,Marcus Easley,WR,0.0,-19.15,-10.1,-0.1936,-0.1052,26.8,0,,
2013,13,00-0028974,Henry Lewis,WR,0.0,-19.15,-10.1,-0.1936,-0.1052,26.8,0,,
2013,13,00-0026544,William Daniel,QB,0.0,-18.89,-10.72,-0.1912,-0.1115,26.8,0,,
2013,13,00-0028307,Andrew Davis,WR,0.0,-19.15,-10.1,-0.1936,-0.1052,26.8,0,,
2013,13,00-0030043,Da'Rick Rogers,WR,0.0,-19.15,-10.1,-0.1936,-0.1052,26.8,0,,
2013,13,00-0027964,Jonathan Baldwin,WR,0.0,-19.15,-10.1,-0.1936,-0.1052,26.8,0,,
2013,13,00-0028841,William Johnson,RB,0.0,-18.27,-10.4,-0.1854,-0.1083,26.8,0,,
2013,13,00-0029151,Matthew Simms,QB,-0.64,-19.53,-11.36,-0.1971,-0.118,26.8,0,,
2013,13,00-0027325,LeGarrette Blount,RB,10.4,-7.87,0.0,-0.0824,0.0,26.8,1,,
2013,13,00-0029665,Robert Griffin,QB,21.08,2.19,10.36,0.023,0.1079,26.8,1,,
2013,13,00-0022736,Steven Jackson,RB,21.4,3.13,11.0,0.033,0.1144,26.8,1,,
2013,13,00-0030496,Le'Veon Bell,RB,26.6,8.33,16.2,0.0871,0.1657,26.8,1,,
2013,13,00-0024264,Kellen Clemens,QB,12.82,-6.07,2.1,-0.0638,0.0221,26.8,1,,
2013,13,00-0027656,Robert Gronkowski,TE,27.7,10.26,17.4,0.1068,0.1772,26.8,1,,
2013,13,00-0027874,Demaryius Thomas,WR,13.6,-5.55,3.5,-0.0583,0.0368,26.8,1,,
2013,13,00-0030550,Tracy Sanders,WR,15.1,-4.05,5.0,-0.0427,0.0526,26.8,1,,
2013,13,00-0029708,Kendall Wright,WR,13.7,-5.45,3.6,-0.0573,0.0379,26.8,1,,
2013,13,00-0030578,Cordarrelle Patterson,RB,10.1,-8.17,-0.3,-0.0855,-0.0032,26.8,0,,
2013,13,00-0027651,Dexter McCluster,WR,9.3,-9.85,-0.8,-0.1027,-0.0084,26.8,0,,
2013,13,00-0029572,Jarius Wright,WR,8.3,-10.85,-1.8,-0.1129,-0.019,26.8,0,,
2013,13,00-0025399,Marshawn Lynch,RB,7.7,-10.57,-2.7,-0.11,-0.0284,26.8,0,,
2013,13,00-0028007,Robert Housler,TE,6.6,-10.84,-3.7,-0.1127,-0.0389,26.8,0,,
2013,13,00-0027005,Hakeem Nicks,WR,5.4,-13.75,-4.7,-0.1419,-0.0494,26.8,0,,
2013,13,00-0028442,Ricardo Lockette,WR,4.1,-15.05,-6.0,-0.1546,-0.063,26.8,0,,
2013,13,00-0030236,Dennis Johnson,RB,3.4,-14.87,-7.0,-0.1528,-0.0734,26.8,0,,
2013,13,00-0030443,Levine Toilolo,TE,2.7,-14.74,-7.6,-0.1516,-0.0796,26.8,0,,
2013,13,00-0030400,Marlon Brown,WR,2.2,-16.95,-7.9,-0.1729,-0.0827,26.8,0,,
2013,13,00-0026267,Jacob Tamme,TE,1.8,-15.64,-8.5,-0.1603,-0.0889,26.8,0,,
2013,13,00-0030107,Theodore Riddick,RB,1.5,-16.77,-8.9,-0.1712,-0.093,26.8,0,,
2013,13,00-0028876,Collin Mooney,RB,0.6,-17.67,-9.8,-0.1797,-0.1022,26.8,0,,
2013,13,00-0030544,Gavin Escobar,TE,0.0,-17.44,-10.3,-0.1776,-0.1073,26.8,0,,
2013,13,00-0028198,Matthew Asiata,RB,0.0,-18.27,-10.4,-0.1854,-0.1083,26.8,0,,
2013,13,00-0029119,Derek Carrier,TE,0.0,-17.44,-10.3,-0.1776,-0.1073,26.8,0,,
2013,13,00-0026644,Josh Vaughan,RB,0.0,-18.27,-10.4,-0.1854,-0.1083,26.8,0,,
2013,13,00-0028011,Stevan Ridley,RB,0.0,-18.27,-10.4,-0.1854,-0.1083,26.8,0,,
2013,13,00-0022943,Benjamin Watson,TE,0.0,-17.44,-10.3,-0.1776,-0.1073,26.8,0,,
2013,13,00-0030320,Michael Hill,RB,0.0,-18.27,-10.4,-0.1854,-0.1083,26.8,0,,
2013,13,00-0029205,Travaris Cadet,RB,0.0,-18.27,-10.4,-0.1854,-0.1083,26.8,0,,
2013,13,00-0029051,Jarrett Boykin,WR,0.0,-19.15,-10.1,-0.1936,-0.1052,26.8,0,,
2013,13,00-0024408,Bruce Gradkowski,QB,0.0,-18.89,-10.72,-0.1912,-0.1115,26.8,0,,
2013,13,00-0023630,Joel Dreessen,TE,0.0,-17.44,-10.3,-0.1776,-0.1073,26.8,0,,
2013,13,00-0024272,Devin Hester,WR,0.0,-19.15,-10.1,-0.1936,-0.1052,26.8,0,,
2013,13,00-0028073,Richard Stanzi,QB,0.0,-18.89,-10.72,-0.1912,-0.1115,26.8,0,,
2013,13,00-0026008,Matthew Mulligan,TE,0.0,-17.44,-10.3,-0.1776,-0.1073,26.8,0,,
2013,13,00-0030470,Vance McDonald,TE,0.0,-17.44,-10.3,-0.1776,-0.1073,26.8,0,,
2013,13,00-0024535,Eric Weems,WR,0.0,-19.15,-10.1,-0.1936,-0.1052,26.8,0,,
2013,13,00-0030565,Eugene Smith,QB,-0.64,-19.53,-11.36,-0.1971,-0.118,26.8,0,,
2013,13,00-0023500,Franklin Gore,RB,10.9,-7.37,0.5,-0.0772,0.0053,26.8,1,,
2013,13,00-0026498,John Stafford,QB,20.0,1.11,9.28,0.0117,0.0969,26.8,1,,
2013,13,00-0027094,Andre Brown,RB,20.8,2.53,10.4,0.0266,0.1083,26.8,1,,
2013,13,00-0024275,Maurice Jones-Drew,RB,14.42,-3.85,4.02,-0.0405,0.0423,26.8,1,,
2013,13,00-0030526,Erik Manuel,QB,17.7,-1.19,6.98,-0.0126,0.0732,26.8,1,,
2013,13,00-0027135,Brandon Myers,TE,19.6,2.16,9.3,0.0227,0.0971,26.8,1,,
2013,13,00-0026345,Pierre Garcon,WR,13.1,-6.05,3.0,-0.0636,0.0316,26.8,1,,
2013,13,00-0028434,Douglas Baldwin,WR,17.7,-1.45,7.6,-0.0153,0.0796,26.8,1,,
2013,13,00-0022084,Anquan Boldin,WR,18.8,-0.35,8.7,-0.0037,0.0909,26.8,1,,
2013,13,00-0027918,Andrew Hawkins,WR,10.1,-9.05,0.0,-0.0945,0.0,26.8,0,,
2013,13,00-0029384,Bobby Rainey,RB,9.1,-9.17,-1.3,-0.0957,-0.0137,26.8,0,,
2013,13,00-0027531,Christopher Ivory,RB,8.3,-9.97,-2.1,-0.1039,-0.0221,26.8,0,,
2013,13,00-0030456,Giovani Bernard,RB,7.6,-10.67,-2.8,-0.111,-0.0295,26.8,0,,
2013,13,00-0026189,DeSean Jackson,WR,6.6,-12.55,-3.5,-0.13,-0.0368,26.8,0,,
2013,13,00-0028121,Jordan Todman,RB,5.3,-12.97,-5.1,-0.1341,-0.0536,26.8,0,,
2013,13,00-0026931,McKenna Pascoe,TE,4.1,-13.34,-6.2,-0.1378,-0.0651,26.8,0,,
2013,13,00-0029273,Robert Turbin,RB,3.4,-14.87,-7.0,-0.1528,-0.0734,26.8,0,,
2013,13,00-0029391,Sean McGrath,TE,2.6,-14.84,-7.7,-0.1525,-0.0806,26.8,0,,
2013,13,00-0027966,Mark Ingram,RB,2.2,-16.07,-8.2,-0.1645,-0.0858,26.8,0,,
2013,13,00-0029298,Cyrus Gray,RB,1.8,-16.47,-8.6,-0.1683,-0.0899,26.8,0,,
2013,13,00-0028581,Patrick DiMarco,RB,1.5,-16.77,-8.9,-0.1712,-0.093,26.8,0,,
2013,13,00-0030465,Kenjon Barner,RB,0.6,-17.67,-9.8,-0.1797,-0.1022,26.8,0,,
2013,13,00-0021999,Nathaniel Burleson,WR,0.0,-19.15,-10.1,-0.1936,-0.1052,26.8,0,,
2013,13,00-0030047,Marquess Wilson,WR,0.0,-19.15,-10.1,-0.1936,-0.1052,26.8,0,,
2013,13,00-0029604,Kirk Cousins,QB,0.0,-18.89,-10.72,-0.1912,-0.1115,26.8,0,,
2013,13,00-0028651,Michael McNeill,TE,0.0,-17.44,-10.3,-0.1776,-0.1073,26.8,0,,
2013,13,00-0028352,Dane Sanzenbacher,WR,0.0,-19.15,-10.1,-0.1936,-0.1052,26.8,0,,
2013,13,00-0030348,Khiry Robinson,RB,0.0,-18.27,-10.4,-0.1854,-0.1083,26.8,0,,
2013,13,00-0028838,Larry Donnell,TE,0.0,-17.44,-10.3,-0.1776,-0.1073,26.8,0,,
2013,13,00-0028091,Jeremy Kerley,WR,0.0,-19.15,-10.1,-0.1936,-0.1052,26.8,0,,
2013,13,00-0028086,Denarius Moore,WR,0.0,-19.15,-10.1,-0.1936,-0.1052,26.8,0,,
2013,13,00-0029854,Cortrelle Anderson,RB,0.0,-18.27,-10.4,-0.1854,-0.1083,26.8,0,,
2013,13,00-0023541,Kyle Orton,QB,0.0,-18.89,-10.72,-0.1912,-0.1115,26.8,0,,
2013,13,00-0024345,Domenik Hixon,WR,0.0,-19.15,-10.1,-0.1936,-0.1052,26.8,0,,
2013,13,00-0027948,Blaine Gabbert,QB,0.0,-18.89,-10.72,-0.1912,-0.1115,26.8,0,,
2013,13,00-0028105,Ryan Whalen,WR,0.0,-19.15,-10.1,-0.1936,-0.1052,26.8,0,,
2013,13,00-0029218,David Paulson,TE,0.0,-17.44,-10.3,-0.1776,-0.1073,26.8,0,,
2013,13,00-0027134,Curtis Painter,QB,0.0,-18.89,-10.72,-0.1912,-0.1115,26.8,0,,
2013,13,00-0024318,Bradley Smith,WR,-1.0,-20.15,-11.1,-0.2028,-0.1154,26.8,0,,
2013,13,00-0026855,Antone Smith,RB,11.4,-6.87,1.0,-0.072,0.0105,26.8,1,,
2013,13,00-0029567,Nicholas Foles,QB,22.68,3.79,11.96,0.0398,0.124,26.8,1,,
2013,13,00-0030522,Montee Ball,RB,13.1,-5.17,2.7,-0.0543,0.0284,26.8,1,,
2013,13,00-0027155,Rashad Jennings,RB,17.3,-0.97,6.9,-0.0102,0.0723,26.8,1,,
2013,13,00-0026158,Joseph Flacco,QB,13.74,-5.15,3.02,-0.0542,0.0318,26.8,1,,
2013,13,00-0023465,Earl Miller,TE,20.6,3.16,10.3,0.0333,0.1073,26.8,1,,
2013,13,00-0023462,Sharod White,WR,24.3,5.15,14.2,0.0541,0.1463,26.8,1,,
2013,13,00-0027685,Emmanuel Sanders,WR,16.3,-2.85,6.2,-0.0301,0.0651,26.8,1,,
2013,13,00-0023496,Vincent Jackson,WR,10.5,-8.65,0.4,-0.0904,0.0042,26.8,1,,
2013,13,00-0028249,Jeremy Ross,WR,9.9,-9.25,-0.2,-0.0966,-0.0021,26.8,0,,
2013,13,00-0026780,Kevin Ogletree,WR,9.0,-10.15,-1.1,-0.1058,-0.0116,26.8,0,,
2013,13,00-0029668,Andrew Luck,QB,8.2,-10.69,-2.52,-0.1113,-0.0265,26.8,0,,
2013,13,00-0030532,Stedman Bailey,WR,7.6,-11.55,-2.5,-0.1199,-0.0263,26.8,0,,
2013,13,00-0029654,Alfred Jenkins,WR,6.5,-12.65,-3.6,-0.131,-0.0379,26.8,0,,
2013,13,00-0030542,Terrance Williams,WR,5.3,-13.85,-4.8,-0.1429,-0.0505,26.8,0,,
2013,13,00-0027819,Dorin Dickerson,TE,4.1,-13.34,-6.2,-0.1378,-0.0651,26.8,0,,
2013,13,00-0026176,Jordy Nelson,WR,3.4,-15.75,-6.7,-0.1614,-0.0703,26.8,0,,
2013,13,00-0028020,Vincent Brown,WR,2.6,-16.55,-7.5,-0.1691,-0.0786,26.8,0,,
2013,13,00-0028016,Austin Pettis,WR,2.1,-17.05,-8.0,-0.1739,-0.0837,26.8,0,,
2013,13,00-0029432,Jordan Ford,TE,1.7,-15.74,-8.6,-0.1613,-0.0899,26.8,0,,
2013,13,00-0025487,Michael Bush,RB,1.5,-16.77,-8.9,-0.1712,-0.093,26.8,0,,
2013,13,00-0029429,Bryce Brown,RB,0.4,-17.87,-10.0,-0.1816,-0.1042,26.8,0,,
2013,13,00-0028034,Alexander Green,RB,0.0,-18.27,-10.4,-0.1854,-0.1083,26.8,0,,
2013,13,00-0029091,Bradley Sowell,TE,0.0,-17.44,-10.3,-0.1776,-0.1073,26.8,0,,
2013,13,00-0028958,Cory Harkey,TE,0.0,-17.44,-10.3,-0.1776,-0.1073,26.8,0,,
2013,13,00-0027606,Trindon Holliday,WR,0.0,-19.15,-10.1,-0.1936,-0.1052,26.8,0,,
2013,13,00-0030540,Aaron Dobson,WR,0.0,-19.15,-10.1,-0.1936,-0.1052,26.8,0,,
2013,13,00-0030394,Zac Dysert,QB,0.0,-18.89,-10.72,-0.1912,-0.1115,26.8,0,,
2013,13,00-0030460,Markus Wheaton,WR,0.0,-19.15,-10.1,-0.1936,-0.1052,26.8,0,,
2013,13,00-0029108,Derek Moye,WR,0.0,-19.15,-10.1,-0.1936,-0.1052,26.8,0,,
2013,13,00-0022864,Luke McCown,QB,0.0,-18.89,-10.72,-0.1912,-0.1115,26.8,0,,
2013,13,00-0030181,John Doyle,TE,0.0,-17.44,-10.3,-0.1776,-0.1073,26.8,0,,
2013,13,00-0027995,Mikel Leshoure,RB,0.0,-18.27,-10.4,-0.1854,-0.1083,26.8,0,,
2013,13,00-0028097,Joseph Smith,TE,0.0,-17.44,-10.3,-0.1776,-0.1073,26.8,0,,
2013,13,00-0028115,Evan Royster,RB,0.0,-18.27,-10.4,-0.1854,-0.1083,26.8,0,,
2013,13,00-0028825,Terrelle Pryor,WR,0.0,-19.15,-10.1,-0.1936,-0.1052,26.8,0,,
2013,13,00-0024240,Santonio Holmes,WR,0.0,-19.15,-10.1,-0.1936,-0.1052,26.8,0,,
2013,13,00-0025708,Matthew Moore,QB,0.0,-18.89,-10.72,-0.1912,-0.1115,26.8,0,,
2013,13,00-0030280,Knile Davis,RB,11.8,-6.47,1.4,-0.0679,0.0148,26.8,1,,
2013,13,00-0023436,Alexander Smith,QB,22.32,3.43,11.6,0.0361,0.1204,26.8,1,,
2013,13,00-0026988,Knowshon Moreno,RB,19.0,0.73,8.6,0.0077,0.0899,26.8,1,,
2013,13,00-0027890,Benjamin Tate,RB,28.2,9.93,17.8,0.1035,0.181,26.8,1,,
2013,13,00-0022803,Elisha Manning,QB,11.4,-7.49,0.68,-0.0785,0.0072,26.8,1,,
2013,13,00-0006101,Anthony Gonzalez,TE,16.2,-1.24,5.9,-0.0131,0.0619,26.8,1,,
2013,13,00-0025465,James Jones,WR,10.9,-8.25,0.8,-0.0863,0.0084,26.8,1,,
2013,13,00-0027902,Desmond Bryant,WR,18.1,-1.05,8.0,-0.0111,0.0837,26.8,1,,
2013,13,00-0022044,Andre Johnson,WR,20.1,0.95,10.0,0.01,0.1042,26.8,1,,
2013,13,00-0022127,Christopher Witten,TE,9.8,-7.64,-0.5,-0.08,-0.0053,26.8,0,,
2013,13,00-0027997,Gregory Little,WR,8.9,-10.25,-1.2,-0.1068,-0.0126,26.8,0,,
2013,13,00-0030419,Matthew McGloin,QB,8.1,-10.79,-2.62,-0.1123,-0.0276,26.8,0,,
2013,13,00-0026163,Rashard Mendenhall,RB,7.6,-10.67,-2.8,-0.111,-0.0295,26.8,0,,
2013,13,00-0026153,Jonathan Stewart,RB,6.2,-12.07,-4.2,-0.1251,-0.0442,26.8,0,,
2013,13,00-0027709,Jacoby Ford,WR,5.2,-13.95,-4.9,-0.1438,-0.0515,26.8,0,,
2013,13,00-0029580,Rishard Matthews,WR,4.1,-15.05,-6.0,-0.1546,-0.063,26.8,0,,
2013,13,00-0028083,Jacquizz Rodgers,RB,3.3,-14.97,-7.1,-0.1538,-0.0744,26.8,0,,
2013,13,00-0029731,Foswhitt Whittaker,RB,2.6,-15.67,-7.8,-0.1606,-0.0817,26.8,0,,
2013,13,00-0030433,Michael Gillislee,RB,2.1,-16.17,-8.3,-0.1654,-0.0868,26.8,0,,
2013,13,00-0028142,Virgil Green,TE,1.7,-15.74,-8.6,-0.1613,-0.0899,26.8,0,,
2013,13,00-0029336,Brittan Golden,WR,1.4,-17.75,-8.7,-0.1805,-0.0909,26.8,0,,
2013,13,00-0023437,Ronnie Brown,RB,0.3,-17.97,-10.1,-0.1826,-0.1052,26.8,0,,
2013,13,00-0029319,Joshua Bellamy,WR,0.0,-19.15,-10.1,-0.1936,-0.1052,26.8,0,,
2013,13,00-0027356,Marlon Moore,WR,0.0,-19.15,-10.1,-0.1936,-0.1052,26.8,0,,
2013,13,00-0029492,Jamize Olawale,RB,0.0,-18.27,-10.4,-0.1854,-0.1083,26.8,0,,
2013,13,00-0029660,Trevor Graham,WR,0.0,-19.15,-10.1,-0.1936,-0.1052,26.8,0,,
2013,13,00-0030274,Myles White,WR,0.0,-19.15,-10.1,-0.1936,-0.1052,26.8,0,,
2013,13,00-0029140,Christopher Rainey,RB,0.0,-18.27,-10.4,-0.1854,-0.1083,26.8,0,,
2013,13,00-0027581,Oluseyi Ajirotutu,WR,0.0,-19.15,-10.1,-0.1936,-0.1052,26.8,0,,
2013,13,00-0030450,Quinton Patton,WR,0.0,-19.15,-10.1,-0.1936,-0.1052,26.8,0,,
2013,13,00-0027202,Michael Palmer,TE,0.0,-17.44,-10.3,-0.1776,-0.1073,26.8,0,,
2013,13,00-0029438,Christopher Polk,RB,0.0,-18.27,-10.4,-0.1854,-0.1083,26.8,0,,
2013,13,00-0026298,Kellen Davis,TE,0.0,-17.44,-10.3,-0.1776,-0.1073,26.8,0,,
2013,13,00-0026300,Joshua Johnson,QB,0.0,-18.89,-10.72,-0.1912,-0.1115,26.8,0,,
2013,13,00-0024296,Charlie Whitehurst,QB,0.0,-18.89,-10.72,-0.1912,-0.1115,26.8,0,,
2013,13,00-0029934,Rodney Smith,WR,0.0,-19.15,-10.1,-0.1936,-0.1052,26.8,0,,
2013,13,00-0029673,DeVier Posey,WR,0.0,-19.15,-10.1,-0.1936,-0.1052,26.8,0,,
2013,13,00-0027786,Jonathan Dwyer,RB,0.0,-18.27,-10.4,-0.1854,-0.1083,26.8,0,,
2013,13,00-0029004,Lance Dunbar,RB,10.4,-7.87,0.0,-0.0824,0.0,26.8,0,,
2013,13,00-0019596,Thomas Brady,QB,20.84,1.95,10.12,0.0205,0.1054,26.8,1,,
2013,13,00-0027861,Clifford Spiller,RB,23.7,5.43,13.3,0.057,0.1374,26.8,1,,
2013,13,00-0024217,Reginald Bush,RB,27.2,8.93,16.8,0.0933,0.1715,26.8,1,,
2013,13,00-0027974,Colin Kaepernick,QB,17.1,-1.79,6.38,-0.0189,0.0669,26.8,1,,
2013,13,00-0030061,Zachary Ertz,TE,26.3,8.86,16.0,0.0925,0.1638,26.8,1,,
2013,13,00-0028263,Andre Holmes,WR,20.6,1.45,10.5,0.0152,0.1093,26.8,1,,
2013,13,00-0026224,Harry Douglas,WR,13.3,-5.85,3.2,-0.0615,0.0337,26.8,1,,
2013,13,00-0027077,Brian Hartline,WR,27.7,8.55,17.6,0.0893,0.1791,26.8,1,,
2013,13,00-0028045,Kristopher Durham,WR,9.8,-9.35,-0.3,-0.0976,-0.0032,26.8,0,,
2013,13,00-0028064,Bilal Powell,RB,8.9,-9.37,-1.5,-0.0978,-0.0158,26.8,0,,
2013,13,00-0030536,Zachary Stacy,RB,8.1,-10.17,-2.3,-0.1059,-0.0242,26.8,0,,
2013,13,00-0030525,Tavon Austin,WR,7.5,-11.65,-2.6,-0.1209,-0.0274,26.8,0,,
2013,13,00-0026367,Peyton Hillis,RB,6.1,-12.17,-4.3,-0.1261,-0.0452,26.8,0,,
2013,13,00-0026899,Shonn Greene,RB,5.0,-13.27,-5.4,-0.1371,-0.0567,26.8,0,,
2013,13,00-0029262,Rueben Randle,WR,4.0,-15.15,-6.1,-0.1556,-0.064,26.8,0,,
2013,13,00-0029293,Marvin Jones,WR,3.2,-15.95,-6.9,-0.1633,-0.0723,26.8,0,,
2013,13,00-0030000,Kenbrell Thompkins,WR,2.6,-16.55,-7.5,-0.1691,-0.0786,26.8,0,,
2013,13,00-0026996,Brandon Pettigrew,TE,2.1,-15.34,-8.2,-0.1574,-0.0858,26.8,0,,
2013,13,00-0029155,William Brown,WR,1.7,-17.45,-8.4,-0.1777,-0.0878,26.8,0,,
2013,13,00-0026237,Andre Caldwell,WR,1.4,-17.75,-8.7,-0.1805,-0.0909,26.8,0,,
2013,13,00-0027791,James Starks,RB,0.2,-18.07,-10.2,-0.1835,-0.1062,26.8,0,,
2013,13,00-0029441,Jeremy Stewart,RB,0.0,-18.27,-10.4,-0.1854,-0.1083,26.8,0,,
2013,13,00-0026932,Cedric Peerman,RB,0.0,-18.27,-10.4,-0.1854,-0.1083,26.8,0,,
2013,13,00-0028543,Jeffrey Maehl,WR,0.0,-19.15,-10.1,-0.1936,-0.1052,26.8,0,,
2013,13,00-0028542,Lestar Jean,WR,0.0,-19.15,-10.1,-0.1936,-0.1052,26.8,0,,
2013,13,00-0029857,Ryan Griffin,QB,0.0,-18.89,-10.72,-0.1912,-0.1115,26.8,0,,
2013,13,00-0030068,Marquise Goodwin,WR,0.0,-19.15,-10.1,-0.1936,-0.1052,26.8,0,,
2013,13,00-0030077,Christopher Harper,WR,0.0,-19.15,-10.1,-0.1936,-0.1052,26.8,0,,
2013,13,00-0030524,Matthew Jones,QB,0.0,-18.89,-10.72,-0.1912,-0.1115,26.8,0,,
2013,13,00-0007091,Matthew Hasselbeck,QB,0.0,-18.89,-10.72,-0.1912,-0.1115,26.8,0,,
2013,13,00-0028061,Tandon Doss,WR,0.0,-19.15,-10.1,-0.1936,-0.1052,26.8,0,,
2013,13,00-0029634,James Hanna,TE,0.0,-17.44,-10.3,-0.1776,-0.1073,26.8,0,,
2013,13,00-0028067,Julius Thomas,TE,0.0,-17.44,-10.3,-0.1776,-0.1073,26.8,0,,
2013,13,00-0030272,Jacob Stoneburner,TE,0.0,-17.44,-10.3,-0.1776,-0.1073,26.8,0,,
2013,13,00-0030388,Joseph Randle,RB,0.0,-18.27,-10.4,-0.1854,-0.1083,26.8,0,,
2013,13,00-0027796,Joseph Webb,QB,0.0,-18.89,-10.72,-0.1912,-0.1115,26.8,0,,
2013,13,00-0023506,Edwin Smith,TE,0.0,-17.44,-10.3,-0.1776,-0.1073,26.8,0,,
2013,13,00-0024268,Anthony Fasano,TE,13.3,-4.14,3.0,-0.0436,0.0316,26.8,1,,
2013,13,00-0029263,Russell Wilson,QB,29.1,10.21,18.38,0.1063,0.1864,26.8,1,,
2013,13,00-0028009,DeMarco Murray,RB,33.2,14.93,22.8,0.1534,0.2266,26.8,1,,
2013,13,00-0027994,Shane Vereen,RB,18.5,0.23,8.1,0.0024,0.0847,26.8,1,,
2013,13,00-0026143,Matthew Ryan,QB,16.14,-2.75,5.42,-0.029,0.0569,26.8,1,,
2013,13,00-0024221,Vernon Davis,TE,20.2,2.76,9.9,0.0291,0.1032,26.8,1,,
2013,13,00-0029137,Alshon Jeffery,WR,48.9,29.75,38.8,0.2841,0.3474,26.8,1,,
2013,13,00-0027996,James Smith,WR,21.3,2.15,11.2,0.0226,0.1164,26.8,1,,
2013,13,00-0030279,Keenan Allen,WR,16.6,-2.55,6.5,-0.0269,0.0682,26.8,1,,
2013,13,00-0030564,DeAndre Hopkins,WR,9.7,-9.45,-0.4,-0.0986,-0.0042,26.8,0,,
2013,13,00-0026986,Michael Crabtree,WR,8.8,-10.35,-1.3,-0.1078,-0.0137,26.8,0,,
2013,13,00-0020337,Stevonne Smith,WR,8.1,-11.05,-2.0,-0.1149,-0.0211,26.8,0,,
2013,13,00-0029548,LaVon Brazill,WR,7.2,-11.95,-2.9,-0.124,-0.0305,26.8,0,,
2013,13,00-0024813,Charles Thomas,RB,6.1,-12.17,-4.3,-0.1261,-0.0452,26.8,0,,
2013,13,00-0029614,Christopher Givens,WR,5.0,-14.15,-5.1,-0.1458,-0.0536,26.8,0,,
2013,13,00-0026173,Donnie Avery,WR,3.7,-15.45,-6.4,-0.1585,-0.0671,26.8,0,,
2013,13,00-0023310,Lance Moore,WR,3.2,-15.95,-6.9,-0.1633,-0.0723,26.8,0,,
2013,13,00-0030549,Tyler Eifert,TE,2.4,-15.04,-7.9,-0.1545,-0.0827,26.8,0,,
2013,13,00-0027321,Jeffrey Cumberland,TE,2.1,-15.34,-8.2,-0.1574,-0.0858,26.8,0,,
2013,13,00-0030089,Luke Willson,TE,1.7,-15.74,-8.6,-0.1613,-0.0899,26.8,0,,
2013,13,00-0027772,Anthony Dixon,RB,1.3,-16.97,-9.1,-0.1731,-0.095,26.8,0,,
2013,13,00-0023645,Derek Anderson,QB,0.2,-18.69,-10.52,-0.1893,-0.1095,26.8,0,,
2013,13,00-0028000,Daniel Thomas,RB,0.0,-18.27,-10.4,-0.1854,-0.1083,26.8,0,,
2013,13,00-0029424,Marvin McNutt,WR,0.0,-19.15,-10.1,-0.1936,-0.1052,26.8,0,,
2013,13,00-0029276,Evan Rodriguez,TE,0.0,-17.44,-10.3,-0.1776,-0.1073,26.8,0,,
2013,13,00-0030288,Michael Burkhead,RB,0.0,-18.27,-10.4,-0.1854,-0.1083,26.8,0,,
2013,13,00-0030147,Russell Shepard,WR,0.0,-19.15,-10.1,-0.1936,-0.1052,26.8,0,,
2013,13,00-0025592,Jordan Palmer,QB,0.0,-18.89,-10.72,-0.1912,-0.1115,26.8,0,,
2013,13,00-0028063,Taiwan Jones,RB,0.0,-18.27,-10.4,-0.1854,-0.1083,26.8,0,,
2013,13,00-0028079,David Williams,TE,0.0,-17.44,-10.3,-0.1776,-0.1073,26.8,0,,
2013,13,00-0027893,Damian Williams,WR,0.0,-19.15,-10.1,-0.1936,-0.1052,26.8,0,,
2013,13,00-0028606,Kerry Taylor,WR,0.0,-19.15,-10.1,-0.1936,-0.1052,26.8,0,,
2013,13,00-0027583,Richard Brockel,TE,0.0,-17.44,-10.3,-0.1776,-0.1073,26.8,0,,
2013,13,00-0029683,Ronnie Hillman,RB,0.0,-18.27,-10.4,-0.1854,-0.1083,26.8,0,,
2013,13,00-0027109,James Casey,TE,0.0,-17.44,-10.3,-0.1776,-0.1073,26.8,0,,
2013,13,00-0029183,Daniel Noble,TE,0.0,-17.44,-10.3,-0.1776,-0.1073,26.8,0,,
2013,13,00-0024242,DeAngelo Williams,RB,0.0,-18.27,-10.4,-0.1854,-0.1083,26.8,0,,
2013,13,00-0030151,Tyler Bray,QB,0.0,-18.89,-10.72,-0.1912,-0.1115,26.8,0,,
2013,14,00-0028249,Jeremy Ross,WR,12.0,-6.63,1.3,-0.0669,0.0132,27.8,1,,
2013,14,00-0027973,Andrew Dalton,QB,30.1,8.74,18.64,0.0879,0.1821,27.8,1,,
2013,14,00-0026184,Matthew Forte,RB,30.5,11.53,19.2,0.1152,0.1871,27.8,1,,
2013,14,00-0026195,Raymell Rice,RB,15.9,-3.07,4.6,-0.0311,0.0465,27.8,1,,
2013,14,00-0023436,Alexander Smith,QB,14.18,-7.18,2.72,-0.0723,0.0275,27.8,1,,
2013,14,00-0030514,Mychal Rivera,TE,15.6,-3.25,4.5,-0.0329,0.0455,27.8,1,,
2013,14,00-0027793,Antonio Brown,WR,24.8,6.17,14.1,0.0622,0.1399,27.8,1,,
2013,14,00-0030279,Keenan Allen,WR,20.9,2.27,10.2,0.023,0.1022,27.8,1,,
2013,14,00-0020337,Stevonne Smith,WR,16.9,-1.73,6.2,-0.0175,0.0626,27.8,1,,
2013,14,00-0029665,Robert Griffin,QB,11.46,-9.9,0.0,-0.0992,0.0,27.8,0,,
2013,14,00-0030564,DeAndre Hopkins,WR,10.6,-8.03,-0.1,-0.0808,-0.001,27.8,0,,
2013,14,00-0026210,Earl Bennett,WR,9.8,-8.83,-0.9,-0.0888,-0.0091,27.8,0,,
2013,14,00-0028986,Casey Keenum,QB,8.66,-12.7,-2.8,-0.1265,-0.0283,27.8,0,,
2013,14,00-0030525,Tavon Austin,WR,7.5,-11.13,-3.2,-0.1113,-0.0324,27.8,0,,
2013,14,00-0028020,Vincent Brown,WR,6.0,-12.63,-4.7,-0.1258,-0.0475,27.8,0,,
2013,14,00-0029391,Sean McGrath,TE,5.0,-13.85,-6.1,-0.1375,-0.0616,27.8,0,,
2013,14,00-0026182,William Royal,WR,4.3,-14.33,-6.4,-0.1421,-0.0646,27.8,0,,
2013,14,00-0021999,Nathaniel Burleson,WR,3.8,-14.83,-6.9,-0.1468,-0.0696,27.8,0,,
2013,14,00-0029492,Jamize Olawale,RB,3.0,-15.97,-8.3,-0.1575,-0.0835,27.8,0,,
2013,14,00-0030108,Ryan Griffin,TE,2.5,-16.35,-8.6,-0.161,-0.0865,27.8,0,,
2013,14,00-0028237,Christopher Hogan,WR,2.2,-16.43,-8.5,-0.1618,-0.0855,27.8,0,,
2013,14,00-0028581,Patrick DiMarco,RB,1.7,-17.27,-9.6,-0.1695,-0.0963,27.8,0,,
2013,14,00-0026577,Marcus Thigpen,WR,1.4,-17.23,-9.3,-0.1692,-0.0934,27.8,0,,
2013,14,00-0027966,Mark Ingram,RB,0.4,-18.57,-10.9,-0.1814,-0.1091,27.8,0,,
2013,14,00-0021570,Kassim Osgood,WR,0.0,-18.63,-10.7,-0.182,-0.1071,27.8,0,,
2013,14,00-0029667,Nicholas Toon,WR,0.0,-18.63,-10.7,-0.182,-0.1071,27.8,0,,
2013,14,00-0030061,Zachary Ertz,TE,0.0,-18.85,-11.1,-0.1839,-0.111,27.8,0,,
2013,14,00-0028903,Garrett Celek,TE,0.0,-18.85,-11.1,-0.1839,-0.111,27.8,0,,
2013,14,00-0030147,Russell Shepard,WR,0.0,-18.63,-10.7,-0.182,-0.1071,27.8,0,,
2013,14,00-0025592,Jordan Palmer,QB,0.0,-21.36,-11.46,-0.2062,-0.1145,27.8,0,,
2013,14,00-0029175,Jacob Byrne,TE,0.0,-18.85,-11.1,-0.1839,-0.111,27.8,0,,
2013,14,00-0030524,Matthew Jones,QB,0.0,-21.36,-11.46,-0.2062,-0.1145,27.8,0,,
2013,14,00-0007091,Matthew Hasselbeck,QB,0.0,-21.36,-11.46,-0.2062,-0.1145,27.8,0,,
2013,14,00-0027259,Jacob Ballard,TE,0.0,-18.85,-11.1,-0.1839,-0.111,27.8,0,,
2013,14,00-0024272,Devin Hester,WR,0.0,-18.63,-10.7,-0.182,-0.1071,27.8,0,,
2013,14,00-0029694,Michael Egnew,TE,0.0,-18.85,-11.1,-0.1839,-0.111,27.8,0,,
2013,14,00-0028012,Ryan Mallett,QB,0.0,-21.36,-11.46,-0.2062,-0.1145,27.8,0,,
2013,14,00-0023645,Derek Anderson,QB,0.0,-21.36,-11.46,-0.2062,-0.1145,27.8,0,,
2013,14,00-0030547,Denard Robinson,RB,-0.1,-19.07,-11.4,-0.1859,-0.1139,27.8,0,,
2013,14,00-0026201,Martellus Bennett,TE,11.8,-7.05,0.7,-0.071,0.0071,27.8,1,,
2013,14,00-0029668,Andrew Luck,QB,32.24,10.88,20.78,0.1089,0.2012,27.8,1,,
2013,14,00-0025399,Marshawn Lynch,RB,13.2,-5.77,1.9,-0.0582,0.0192,27.8,1,,
2013,14,00-0030496,Le'Veon Bell,RB,13.0,-5.97,1.7,-0.0602,0.0172,27.8,1,,
2013,14,00-0026197,Chad Henne,QB,15.98,-5.38,4.52,-0.0543,0.0457,27.8,1,,
2013,14,00-0030089,Luke Willson,TE,17.5,-1.35,6.4,-0.0136,0.0646,27.8,1,,
2013,14,00-0029129,Rod Streater,WR,26.0,7.37,15.3,0.0742,0.1512,27.8,1,,
2013,14,00-0022921,Larry Fitzgerald,WR,27.6,8.97,16.9,0.0901,0.1661,27.8,1,,
2013,14,00-0025410,Dwayne Bowe,WR,17.0,-1.63,6.3,-0.0165,0.0636,27.8,1,,
2013,14,00-0030388,Joseph Randle,RB,11.3,-7.67,0.0,-0.0772,0.0,27.8,0,,
2013,14,00-0022922,Kellen Winslow,TE,10.6,-8.25,-0.5,-0.083,-0.0051,27.8,0,,
2013,14,00-0027061,Jared Cook,TE,9.4,-9.45,-1.7,-0.0948,-0.0172,27.8,0,,
2013,14,00-0022127,Christopher Witten,TE,8.5,-10.35,-2.6,-0.1037,-0.0263,27.8,0,,
2013,14,00-0024242,DeAngelo Williams,RB,7.3,-11.67,-4.0,-0.1165,-0.0405,27.8,0,,
2013,14,00-0020494,Santana Moss,WR,6.0,-12.63,-4.7,-0.1258,-0.0475,27.8,0,,
2013,14,00-0030431,Robert Woods,WR,5.0,-13.63,-5.7,-0.1354,-0.0576,27.8,0,,
2013,14,00-0029051,Jarrett Boykin,WR,4.3,-14.33,-6.4,-0.1421,-0.0646,27.8,0,,
2013,14,00-0026996,Brandon Pettigrew,TE,3.8,-15.05,-7.3,-0.1488,-0.0735,27.8,0,,
2013,14,00-0027985,Lance Kendricks,TE,3.0,-15.85,-8.1,-0.1563,-0.0815,27.8,0,,
2013,14,00-0026314,Joshua Morgan,WR,2.5,-16.13,-8.2,-0.159,-0.0825,27.8,0,,
2013,14,00-0029311,Kenneth Hemingway,WR,2.1,-16.53,-8.6,-0.1627,-0.0865,27.8,0,,
2013,14,00-0030320,Michael Hill,RB,1.7,-17.27,-9.6,-0.1695,-0.0963,27.8,0,,
2013,14,00-0029604,Kirk Cousins,QB,1.36,-20.0,-10.1,-0.1942,-0.1012,27.8,0,,
2013,14,00-0030533,Matthew Barkley,QB,0.0,-21.36,-11.46,-0.2062,-0.1145,27.8,0,,
2013,14,00-0029435,Damaris Johnson,WR,0.0,-18.63,-10.7,-0.182,-0.1071,27.8,0,,
2013,14,00-0027445,Jeron Mastrud,TE,0.0,-18.85,-11.1,-0.1839,-0.111,27.8,0,,
2013,14,00-0026644,Josh Vaughan,RB,0.0,-18.97,-11.3,-0.185,-0.1129,27.8,0,,
2013,14,00-0029682,Brock Osweiler,QB,0.0,-21.36,-11.46,-0.2062,-0.1145,27.8,0,,
2013,14,00-0029640,Brian Quick,WR,0.0,-18.63,-10.7,-0.182,-0.1071,27.8,0,,
2013,14,00-0029281,Adrien Robinson,TE,0.0,-18.85,-11.1,-0.1839,-0.111,27.8,0,,
2013,14,00-0028984,Brian Tyms,WR,0.0,-18.63,-10.7,-0.182,-0.1071,27.8,0,,
2013,14,00-0030432,Christine Michael,RB,0.0,-18.97,-11.3,-0.185,-0.1129,27.8,0,,
2013,14,00-0027893,Damian Williams,WR,0.0,-18.63,-10.7,-0.182,-0.1071,27.8,0,,
2013,14,00-0029793,Brandon Williams,TE,0.0,-18.85,-11.1,-0.1839,-0.111,27.8,0,,
2013,14,00-0024345,Domenik Hixon,WR,0.0,-18.63,-10.7,-0.182,-0.1071,27.8,0,,
2013,14,00-0028050,Gregory Salas,WR,0.0,-18.63,-10.7,-0.182,-0.1071,27.8,0,,
2013,14,00-0027346,Alfonso Smith,RB,0.0,-18.97,-11.3,-0.185,-0.1129,27.8,0,,
2013,14,00-0030134,Michael Ford,RB,0.0,-18.97,-11.3,-0.185,-0.1129,27.8,0,,
2013,14,00-0024296,Charlie Whitehurst,QB,-0.2,-21.56,-11.66,-0.208,-0.1164,27.8,0,,
2013,14,00-0006101,Anthony Gonzalez,TE,13.0,-5.85,1.9,-0.059,0.0192,27.8,1,,
2013,14,00-0030565,Eugene Smith,QB,21.76,0.4,10.3,0.0041,0.1032,27.8,1,,
2013,14,00-0030578,Cordarrelle Patterson,RB,25.7,6.73,14.4,0.0679,0.1427,27.8,1,,
2013,14,00-0026899,Shonn Greene,RB,16.6,-2.37,5.3,-0.024,0.0535,27.8,1,,
2013,14,00-0026349,Matthew Flynn,QB,13.12,-8.24,1.66,-0.0829,0.0168,27.8,1,,
2013,14,00-0027873,Jermaine Gresham,TE,17.6,-1.25,6.5,-0.0126,0.0656,27.8,1,,
2013,14,00-0029415,Keshawn Martin,WR,12.8,-5.83,2.1,-0.0589,0.0213,27.8,1,,
2013,14,00-0026186,Jerome Simpson,WR,13.8,-4.83,3.1,-0.0488,0.0314,27.8,1,,
2013,14,00-0026189,DeSean Jackson,WR,14.9,-3.73,4.2,-0.0378,0.0425,27.8,1,,
2013,14,00-0030536,Zachary Stacy,RB,11.2,-7.77,-0.1,-0.0782,-0.001,27.8,0,,
2013,14,00-0028307,Andrew Davis,WR,10.6,-8.03,-0.1,-0.0808,-0.001,27.8,0,,
2013,14,00-0028263,Andre Holmes,WR,9.3,-9.33,-1.4,-0.0937,-0.0142,27.8,0,,
2013,14,00-0024240,Santonio Holmes,WR,8.5,-10.13,-2.2,-0.1015,-0.0223,27.8,0,,
2013,14,00-0027322,David Nelson,WR,7.2,-11.43,-3.5,-0.1142,-0.0354,27.8,0,,
2013,14,00-0025549,Brent Celek,TE,5.9,-12.95,-5.2,-0.1289,-0.0525,27.8,0,,
2013,14,00-0026178,John Carlson,TE,4.9,-13.95,-6.2,-0.1384,-0.0626,27.8,0,,
2013,14,00-0022178,Willis McGahee,RB,4.3,-14.67,-7.0,-0.1453,-0.0706,27.8,0,,
2013,14,00-0028156,Ryan Taylor,TE,3.7,-15.15,-7.4,-0.1498,-0.0745,27.8,0,,
2013,14,00-0026008,Matthew Mulligan,TE,3.0,-15.85,-8.1,-0.1563,-0.0815,27.8,0,,
2013,14,00-0025396,Theodore Ginn,WR,2.5,-16.13,-8.2,-0.159,-0.0825,27.8,0,,
2013,14,00-0029634,James Hanna,TE,2.1,-16.75,-9.0,-0.1647,-0.0904,27.8,0,,
2013,14,00-0027918,Andrew Hawkins,WR,1.7,-16.93,-9.0,-0.1664,-0.0904,27.8,0,,
2013,14,00-0028115,Evan Royster,RB,1.3,-17.67,-10.0,-0.1732,-0.1003,27.8,0,,
2013,14,00-0029883,Joseph Fauria,TE,0.0,-18.85,-11.1,-0.1839,-0.111,27.8,0,,
2013,14,00-0028792,Kevin Cone,WR,0.0,-18.63,-10.7,-0.182,-0.1071,27.8,0,,
2013,14,00-0027253,Thaddeus Lewis,QB,0.0,-21.36,-11.46,-0.2062,-0.1145,27.8,0,,
2013,14,00-0029654,Alfred Jenkins,WR,0.0,-18.63,-10.7,-0.182,-0.1071,27.8,0,,
2013,14,00-0029999,Zachary Sudfeld,TE,0.0,-18.85,-11.1,-0.1839,-0.111,27.8,0,,
2013,14,00-0027709,Jacoby Ford,WR,0.0,-18.63,-10.7,-0.182,-0.1071,27.8,0,,
2013,14,00-0030171,Christopher Pantale,TE,0.0,-18.85,-11.1,-0.1839,-0.111,27.8,0,,
2013,14,00-0029432,Jordan Ford,TE,0.0,-18.85,-11.1,-0.1839,-0.111,27.8,0,,
2013,14,00-0022121,Rex Grossman,QB,0.0,-21.36,-11.46,-0.2062,-0.1145,27.8,0,,
2013,14,00-0026225,Craig Stevens,TE,0.0,-18.85,-11.1,-0.1839,-0.111,27.8,0,,
2013,14,00-0026855,Antone Smith,RB,0.0,-18.97,-11.3,-0.185,-0.1129,27.8,0,,
2013,14,00-0026300,Joshua Johnson,QB,0.0,-21.36,-11.46,-0.2062,-0.1145,27.8,0,,
2013,14,00-0029590,Taylor Thompson,TE,0.0,-18.85,-11.1,-0.1839,-0.111,27.8,0,,
2013,14,00-0027964,Jonathan Baldwin,WR,0.0,-18.63,-10.7,-0.182,-0.1071,27.8,0,,
2013,14,00-0024535,Eric Weems,WR,0.0,-18.63,-10.7,-0.182,-0.1071,27.8,0,,
2013,14,00-0029098,Eric Page,WR,-0.5,-19.13,-11.2,-0.1865,-0.112,27.8,0,,
2013,14,00-0025487,Michael Bush,RB,12.5,-6.47,1.2,-0.0652,0.0122,27.8,1,,
2013,14,00-0022924,Benjamin Roethlisberger,QB,25.26,3.9,13.8,0.0395,0.137,27.8,1,,
2013,14,00-0024275,Maurice Jones-Drew,RB,14.3,-4.67,3.0,-0.0472,0.0304,27.8,1,,
2013,14,00-0027864,Ryan Mathews,RB,22.5,3.53,11.2,0.0357,0.112,27.8,1,,
2013,14,00-0026143,Matthew Ryan,QB,12.24,-9.12,0.78,-0.0916,0.0079,27.8,1,,
2013,14,00-0028067,Julius Thomas,TE,17.0,-1.85,5.9,-0.0187,0.0596,27.8,1,,
2013,14,00-0026035,Daniel Amendola,WR,13.6,-5.03,2.9,-0.0509,0.0294,27.8,1,,
2013,14,00-0028091,Jeremy Kerley,WR,14.4,-4.23,3.7,-0.0428,0.0374,27.8,1,,
2013,14,00-0029293,Marvin Jones,WR,14.7,-3.93,4.0,-0.0398,0.0405,27.8,1,,
2013,14,00-0029910,Timothy Wright,TE,11.1,-7.75,0.0,-0.078,0.0,27.8,0,,
2013,14,00-0027094,Andre Brown,RB,10.6,-8.37,-0.7,-0.0842,-0.0071,27.8,0,,
2013,14,00-0028052,Cecil Shorts,WR,9.3,-9.33,-1.4,-0.0937,-0.0142,27.8,0,,
2013,14,00-0027325,LeGarrette Blount,RB,8.4,-10.57,-2.9,-0.1058,-0.0294,27.8,0,,
2013,14,00-0026367,Peyton Hillis,RB,7.1,-11.87,-4.2,-0.1185,-0.0425,27.8,0,,
2013,14,00-0025465,James Jones,WR,5.9,-12.73,-4.8,-0.1268,-0.0485,27.8,0,,
2013,14,00-0028064,Bilal Powell,RB,4.8,-14.17,-6.5,-0.1405,-0.0656,27.8,0,,
2013,14,00-0027681,Brandon LaFell,WR,4.2,-14.43,-6.5,-0.143,-0.0656,27.8,0,,
2013,14,00-0029708,Kendall Wright,WR,3.7,-14.93,-7.0,-0.1478,-0.0706,27.8,0,,
2013,14,00-0026498,John Stafford,QB,2.94,-18.42,-8.52,-0.18,-0.0857,27.8,0,,
2013,14,00-0030236,Dennis Johnson,RB,2.4,-16.57,-8.9,-0.1631,-0.0894,27.8,0,,
2013,14,00-0025414,Robert Meachem,WR,2.1,-16.53,-8.6,-0.1627,-0.0865,27.8,0,,
2013,14,00-0025394,Adrian Peterson,RB,1.7,-17.27,-9.6,-0.1695,-0.0963,27.8,0,,
2013,14,00-0029868,Skye Dawson,WR,1.3,-17.33,-9.4,-0.1701,-0.0944,27.8,0,,
2013,14,00-0027057,Brandon Tate,WR,0.0,-18.63,-10.7,-0.182,-0.1071,27.8,0,,
2013,14,00-0028198,Matthew Asiata,RB,0.0,-18.97,-11.3,-0.185,-0.1129,27.8,0,,
2013,14,00-0029119,Derek Carrier,TE,0.0,-18.85,-11.1,-0.1839,-0.111,27.8,0,,
2013,14,00-0028651,Michael McNeill,TE,0.0,-18.85,-11.1,-0.1839,-0.111,27.8,0,,
2013,14,00-0029626,Isaiah Pead,RB,0.0,-18.97,-11.3,-0.185,-0.1129,27.8,0,,
2013,14,00-0027069,Chase Coffman,TE,0.0,-18.85,-11.1,-0.1839,-0.111,27.8,0,,
2013,14,00-0027779,Deji Karim,RB,0.0,-18.97,-11.3,-0.185,-0.1129,27.8,0,,
2013,14,00-0024279,Tarvaris Jackson,QB,0.0,-21.36,-11.46,-0.2062,-0.1145,27.8,0,,
2013,14,00-0028142,Virgil Green,TE,0.0,-18.85,-11.1,-0.1839,-0.111,27.8,0,,
2013,14,00-0028021,Jerrel Jernigan,WR,0.0,-18.63,-10.7,-0.182,-0.1071,27.8,0,,
2013,14,00-0027995,Mikel Leshoure,RB,0.0,-18.97,-11.3,-0.185,-0.1129,27.8,0,,
2013,14,00-0029683,Ronnie Hillman,RB,0.0,-18.97,-11.3,-0.185,-0.1129,27.8,0,,
2013,14,00-0020245,Michael Vick,QB,0.0,-21.36,-11.46,-0.2062,-0.1145,27.8,0,,
2013,14,00-0030470,Vance McDonald,TE,0.0,-18.85,-11.1,-0.1839,-0.111,27.8,0,,
2013,14,00-0027134,Curtis Painter,QB,0.0,-21.36,-11.46,-0.2062,-0.1145,27.8,0,,
2013,14,00-0026544,William Daniel,QB,-1.62,-22.98,-13.08,-0.2203,-0.1301,27.8,0,,
2013,14,00-0027215,James Paulsen,TE,12.9,-5.95,1.8,-0.06,0.0182,27.8,1,,
2013,14,00-0023460,Jason Campbell,QB,30.34,8.98,18.88,0.0902,0.1842,27.8,1,,
2013,14,00-0030522,Montee Ball,RB,17.7,-1.27,6.4,-0.0128,0.0646,27.8,1,,
2013,14,00-0026213,Jamaal Charles,RB,29.8,10.83,18.5,0.1084,0.1808,27.8,1,,
2013,14,00-0023662,Matthew Cassel,QB,19.2,-2.16,7.74,-0.0218,0.0779,27.8,1,,
2013,14,00-0027696,Jimmy Graham,TE,26.8,7.95,15.7,0.08,0.155,27.8,1,,
2013,14,00-0023496,Vincent Jackson,WR,16.0,-2.63,5.3,-0.0267,0.0535,27.8,1,,
2013,14,00-0024334,Brandon Marshall,WR,18.0,-0.63,7.3,-0.0064,0.0735,27.8,1,,
2013,14,00-0026176,Jordy Nelson,WR,12.5,-6.13,1.8,-0.0619,0.0182,27.8,1,,
2013,14,00-0024221,Vernon Davis,TE,11.1,-7.75,0.0,-0.078,0.0,27.8,0,,
2013,14,00-0028121,Jordan Todman,RB,10.5,-8.47,-0.8,-0.0851,-0.0081,27.8,0,,
2013,14,00-0023682,Ryan Fitzpatrick,QB,9.28,-12.08,-2.18,-0.1205,-0.0221,27.8,0,,
2013,14,00-0025389,Calvin Johnson,WR,8.2,-10.43,-2.5,-0.1045,-0.0253,27.8,0,,
2013,14,00-0023310,Lance Moore,WR,7.0,-11.63,-3.7,-0.1162,-0.0374,27.8,0,,
2013,14,00-0029601,Brandon Bostick,TE,5.8,-13.05,-5.3,-0.1298,-0.0535,27.8,0,,
2013,14,00-0028011,Stevan Ridley,RB,4.7,-14.27,-6.6,-0.1415,-0.0666,27.8,0,,
2013,14,00-0030300,Jaron Brown,WR,4.2,-14.43,-6.5,-0.143,-0.0656,27.8,0,,
2013,14,00-0022943,Benjamin Watson,TE,3.5,-15.35,-7.6,-0.1517,-0.0765,27.8,0,,
2013,14,00-0028016,Austin Pettis,WR,2.9,-15.73,-7.8,-0.1553,-0.0785,27.8,0,,
2013,14,00-0028958,Cory Harkey,TE,2.4,-16.45,-8.7,-0.1619,-0.0874,27.8,0,,
2013,14,00-0026000,Davone Bess,WR,2.0,-16.63,-8.7,-0.1637,-0.0874,27.8,0,,
2013,14,00-0028063,Taiwan Jones,RB,1.6,-17.37,-9.7,-0.1704,-0.0973,27.8,0,,
2013,14,00-0015754,Brandon Stokley,WR,1.2,-17.43,-9.5,-0.171,-0.0953,27.8,0,,
2013,14,00-0027725,Clayton Harbor,TE,0.0,-18.85,-11.1,-0.1839,-0.111,27.8,0,,
2013,14,00-0030433,Michael Gillislee,RB,0.0,-18.97,-11.3,-0.185,-0.1129,27.8,0,,
2013,14,00-0028543,Jeffrey Maehl,WR,0.0,-18.63,-10.7,-0.182,-0.1071,27.8,0,,
2013,14,00-0027606,Trindon Holliday,WR,0.0,-18.63,-10.7,-0.182,-0.1071,27.8,0,,
2013,14,00-0027321,Jeffrey Cumberland,TE,0.0,-18.85,-11.1,-0.1839,-0.111,27.8,0,,
2013,14,00-0025701,Ewart Battle,RB,0.0,-18.97,-11.3,-0.185,-0.1129,27.8,0,,
2013,14,00-0028453,Patrick Devlin,QB,0.0,-21.36,-11.46,-0.2062,-0.1145,27.8,0,,
2013,14,00-0028114,Dwayne Harris,WR,0.0,-18.63,-10.7,-0.182,-0.1071,27.8,0,,
2013,14,00-0028905,Christopher Owusu,WR,0.0,-18.63,-10.7,-0.182,-0.1071,27.8,0,,
2013,14,00-0028994,Dominique Jones,TE,0.0,-18.85,-11.1,-0.1839,-0.111,27.8,0,,
2013,14,00-0029778,Darius Johnson,WR,0.0,-18.63,-10.7,-0.182,-0.1071,27.8,0,,
2013,14,00-0024389,Hubert Walker,TE,0.0,-18.85,-11.1,-0.1839,-0.111,27.8,0,,
2013,14,00-0030465,Kenjon Barner,RB,0.0,-18.97,-11.3,-0.185,-0.1129,27.8,0,,
2013,14,00-0025464,Matthew Spaeth,TE,0.0,-18.85,-11.1,-0.1839,-0.111,27.8,0,,
2013,14,00-0025708,Matthew Moore,QB,0.0,-21.36,-11.46,-0.2062,-0.1145,27.8,0,,
2013,14,00-0027651,Dexter McCluster,WR,12.1,-6.53,1.4,-0.0659,0.0142,27.8,1,,
2013,14,00-0020531,Drew Brees,QB,27.82,6.46,16.36,0.0652,0.1611,27.8,1,,
2013,14,00-0030485,Eddie Lacy,RB,18.0,-0.97,6.7,-0.0098,0.0676,27.8,1,,
2013,14,00-0026019,Danny Woodhead,RB,19.4,0.43,8.1,0.0044,0.0815,27.8,1,,
2013,14,00-0030419,Matthew McGloin,QB,15.8,-5.56,4.34,-0.0561,0.0439,27.8,1,,
2013,14,00-0028040,Jordan Cameron,TE,31.6,12.75,20.5,0.127,0.1987,27.8,1,,
2013,14,00-0029548,LaVon Brazill,WR,20.3,1.67,9.6,0.0169,0.0963,27.8,1,,
2013,14,00-0022811,Jerricho Cotchery,WR,16.7,-1.93,6.0,-0.0196,0.0606,27.8,1,,
2013,14,00-0029664,Joshua Gordon,WR,31.5,12.87,20.8,0.1281,0.2014,27.8,1,,
2013,14,00-0021547,Antonio Gates,TE,11.0,-7.85,-0.1,-0.079,-0.001,27.8,0,,
2013,14,00-0030550,Tracy Sanders,WR,10.44,-8.19,-0.26,-0.0824,-0.0026,27.8,0,,
2013,14,00-0027265,Victor Cruz,WR,9.2,-9.43,-1.5,-0.0947,-0.0152,27.8,0,,
2013,14,00-0026986,Michael Crabtree,WR,8.0,-10.63,-2.7,-0.1064,-0.0273,27.8,0,,
2013,14,00-0027003,Donald Brown,RB,6.9,-12.07,-4.4,-0.1204,-0.0445,27.8,0,,
2013,14,00-0027861,Clifford Spiller,RB,5.8,-13.17,-5.5,-0.131,-0.0556,27.8,0,,
2013,14,00-0029262,Rueben Randle,WR,4.7,-13.93,-6.0,-0.1383,-0.0606,27.8,0,,
2013,14,00-0030085,Kenneth Stills,WR,4.2,-14.43,-6.5,-0.143,-0.0656,27.8,0,,
2013,14,00-0029159,Jermaine Kearse,WR,3.5,-15.13,-7.2,-0.1496,-0.0726,27.8,0,,
2013,14,00-0026931,McKenna Pascoe,TE,2.9,-15.95,-8.2,-0.1573,-0.0825,27.8,0,,
2013,14,00-0023437,Ronnie Brown,RB,2.3,-16.67,-9.0,-0.164,-0.0904,27.8,0,,
2013,14,00-0027791,James Starks,RB,1.9,-17.07,-9.4,-0.1677,-0.0944,27.8,0,,
2013,14,00-0028362,Michael Preston,WR,1.6,-17.03,-9.1,-0.1674,-0.0914,27.8,0,,
2013,14,00-0029273,Robert Turbin,RB,1.2,-17.77,-10.1,-0.1741,-0.1012,27.8,0,,
2013,14,00-0030516,Brice Butler,WR,0.0,-18.63,-10.7,-0.182,-0.1071,27.8,0,,
2013,14,00-0030047,Marquess Wilson,WR,0.0,-18.63,-10.7,-0.182,-0.1071,27.8,0,,
2013,14,00-0029276,Evan Rodriguez,TE,0.0,-18.85,-11.1,-0.1839,-0.111,27.8,0,,
2013,14,00-0024268,Anthony Fasano,TE,0.0,-18.85,-11.1,-0.1839,-0.111,27.8,0,,
2013,14,00-0028352,Dane Sanzenbacher,WR,0.0,-18.63,-10.7,-0.182,-0.1071,27.8,0,,
2013,14,00-0025951,Darius Reynaud,RB,0.0,-18.97,-11.3,-0.185,-0.1129,27.8,0,,
2013,14,00-0030292,Brad Sorensen,QB,0.0,-21.36,-11.46,-0.2062,-0.1145,27.8,0,,
2013,14,00-0028353,Andre Smith,TE,0.0,-18.85,-11.1,-0.1839,-0.111,27.8,0,,
2013,14,00-0027139,John Phillips,TE,0.0,-18.85,-11.1,-0.1839,-0.111,27.8,0,,
2013,14,00-0028863,Dominique Davis,QB,0.0,-21.36,-11.46,-0.2062,-0.1145,27.8,0,,
2013,14,00-0026298,Kellen Davis,TE,0.0,-18.85,-11.1,-0.1839,-0.111,27.8,0,,
2013,14,00-0028337,Kyle Adams,TE,0.0,-18.85,-11.1,-0.1839,-0.111,27.8,0,,
2013,14,00-0028105,Ryan Whalen,WR,0.0,-18.63,-10.7,-0.182,-0.1071,27.8,0,,
2013,14,00-0029218,David Paulson,TE,0.0,-18.85,-11.1,-0.1839,-0.111,27.8,0,,
2013,14,00-0023506,Edwin Smith,TE,0.0,-18.85,-11.1,-0.1839,-0.111,27.8,0,,
2013,14,00-0030280,Knile Davis,RB,11.7,-7.27,0.4,-0.0732,0.0041,27.8,1,,
2013,14,00-0026158,Joseph Flacco,QB,20.0,-1.36,8.54,-0.0137,0.0859,27.8,1,,
2013,14,00-0027029,LeSean McCoy,RB,35.1,16.13,23.8,0.159,0.2272,27.8,1,,
2013,14,00-0027218,Joique Bell,RB,20.7,1.73,9.4,0.0175,0.0944,27.8,1,,
2013,14,00-0021678,Antonio Romo,QB,16.06,-5.3,4.6,-0.0535,0.0465,27.8,1,,
2013,14,00-0027714,Dennis Pitta,TE,19.8,0.95,8.7,0.0097,0.0874,27.8,1,,
2013,14,00-0022084,Anquan Boldin,WR,15.3,-3.33,4.6,-0.0337,0.0465,27.8,1,,
2013,14,00-0030043,Da'Rick Rogers,WR,28.7,10.07,18.0,0.1009,0.1762,27.8,1,,
2013,14,00-0027891,Golden Tate,WR,12.5,-6.13,1.8,-0.0619,0.0182,27.8,1,,
2013,14,00-0029438,Christopher Polk,RB,11.0,-7.97,-0.3,-0.0802,-0.003,27.8,0,,
2013,14,00-0022803,Elisha Manning,QB,10.36,-11.0,-1.1,-0.11,-0.0111,27.8,0,,
2013,14,00-0027902,Desmond Bryant,WR,9.2,-9.43,-1.5,-0.0947,-0.0152,27.8,0,,
2013,14,00-0030474,Joshua Boyce,WR,7.9,-10.73,-2.8,-0.1074,-0.0283,27.8,0,,
2013,14,00-0024813,Charles Thomas,RB,6.8,-12.17,-4.5,-0.1214,-0.0455,27.8,0,,
2013,14,00-0027825,James Dray,TE,5.7,-13.15,-5.4,-0.1308,-0.0545,27.8,0,,
2013,14,00-0029632,Mohamed Sanu,WR,4.6,-14.03,-6.1,-0.1392,-0.0616,27.8,0,,
2013,14,00-0026153,Jonathan Stewart,RB,4.2,-14.77,-7.1,-0.1462,-0.0716,27.8,0,,
2013,14,00-0027997,Gregory Little,WR,3.4,-15.23,-7.3,-0.1506,-0.0735,27.8,0,,
2013,14,00-0025425,Zachary Miller,TE,2.8,-16.05,-8.3,-0.1582,-0.0835,27.8,0,,
2013,14,00-0024318,Bradley Smith,WR,2.3,-16.33,-8.4,-0.1609,-0.0845,27.8,0,,
2013,14,00-0029673,DeVier Posey,WR,1.9,-16.73,-8.8,-0.1646,-0.0884,27.8,0,,
2013,14,00-0028053,Kendall Hunter,RB,1.6,-17.37,-9.7,-0.1704,-0.0973,27.8,0,,
2013,14,00-0030107,Theodore Riddick,RB,1.2,-17.77,-10.1,-0.1741,-0.1012,27.8,0,,
2013,14,00-0020679,Shaun Hill,QB,0.0,-21.36,-11.46,-0.2062,-0.1145,27.8,0,,
2013,14,00-0029091,Bradley Sowell,TE,0.0,-18.85,-11.1,-0.1839,-0.111,27.8,0,,
2013,14,00-0030049,Christopher Gragg,TE,0.0,-18.85,-11.1,-0.1839,-0.111,27.8,0,,
2013,14,00-0027819,Dorin Dickerson,TE,0.0,-18.85,-11.1,-0.1839,-0.111,27.8,0,,
2013,14,00-0024217,Reginald Bush,RB,0.0,-18.97,-11.3,-0.185,-0.1129,27.8,0,,
2013,14,00-0029260,LaMichael James,RB,0.0,-18.97,-11.3,-0.185,-0.1129,27.8,0,,
2013,14,00-0027688,Daniel McCoy,QB,0.0,-21.36,-11.46,-0.2062,-0.1145,27.8,0,,
2013,14,00-0023578,Daniel Orlovsky,QB,0.0,-21.36,-11.46,-0.2062,-0.1145,27.8,0,,
2013,14,00-0026235,Mario Manningham,WR,0.0,-18.63,-10.7,-0.182,-0.1071,27.8,0,,
2013,14,00-0027708,Marcus Easley,WR,0.0,-18.63,-10.7,-0.182,-0.1071,27.8,0,,
2013,14,00-0027583,Richard Brockel,TE,0.0,-18.85,-11.1,-0.1839,-0.111,27.8,0,,
2013,14,00-0030370,Gregory Jenkins,WR,0.0,-18.63,-10.7,-0.182,-0.1071,27.8,0,,
2013,14,00-0029934,Rodney Smith,WR,0.0,-18.63,-10.7,-0.182,-0.1071,27.8,0,,
2013,14,00-0027796,Joseph Webb,QB,0.0,-21.36,-11.46,-0.2062,-0.1145,27.8,0,,
2013,14,00-0028045,Kristopher Durham,WR,0.0,-18.63,-10.7,-0.182,-0.1071,27.8,0,,
2013,14,00-0026364,Steven Johnson,WR,11.7,-6.93,1.0,-0.0699,0.0101,27.8,1,,
2013,14,00-0010346,Peyton Manning,QB,31.78,10.42,20.32,0.1044,0.1971,27.8,1,,
2013,14,00-0028009,DeMarco Murray,RB,17.5,-1.47,6.2,-0.0149,0.0626,27.8,1,,
2013,14,00-0029675,Trenton Richardson,RB,13.8,-5.17,2.5,-0.0522,0.0253,27.8,1,,
2013,14,00-0026164,Christopher Johnson,RB,11.5,-7.47,0.2,-0.0752,0.002,27.8,1,,
2013,14,00-0028112,Charles Clay,TE,32.2,13.35,21.1,0.1328,0.204,27.8,1,,
2013,14,00-0022044,Andre Johnson,WR,28.4,9.77,17.7,0.098,0.1735,27.8,1,,
2013,14,00-0027685,Emmanuel Sanders,WR,16.5,-2.13,5.8,-0.0216,0.0586,27.8,1,,
2013,14,00-0025460,Jacoby Jones,WR,13.3,-5.33,2.6,-0.0539,0.0263,27.8,1,,
2013,14,00-0023500,Franklin Gore,RB,11.0,-7.97,-0.3,-0.0802,-0.003,27.8,0,,
2013,14,00-0024267,Gregory Jennings,WR,10.3,-8.33,-0.4,-0.0838,-0.0041,27.8,0,,
2013,14,00-0029263,Russell Wilson,QB,9.16,-12.2,-2.3,-0.1216,-0.0233,27.8,0,,
2013,14,00-0024204,Fredrick Jackson,RB,7.8,-11.17,-3.5,-0.1117,-0.0354,27.8,0,,
2013,14,00-0028434,Douglas Baldwin,WR,6.6,-12.03,-4.1,-0.1201,-0.0415,27.8,0,,
2013,14,00-0030542,Terrance Williams,WR,5.6,-13.03,-5.1,-0.1297,-0.0515,27.8,0,,
2013,14,00-0029638,Michael Floyd,WR,4.6,-14.03,-6.1,-0.1392,-0.0616,27.8,0,,
2013,14,00-0026224,Harry Douglas,WR,4.0,-14.63,-6.7,-0.1449,-0.0676,27.8,0,,
2013,14,00-0024264,Kellen Clemens,QB,3.24,-18.12,-8.22,-0.1773,-0.0827,27.8,0,,
2013,14,00-0025542,Dante Rosario,TE,2.8,-16.05,-8.3,-0.1582,-0.0835,27.8,0,,
2013,14,00-0030181,John Doyle,TE,2.3,-16.55,-8.8,-0.1629,-0.0884,27.8,0,,
2013,14,00-0028841,William Johnson,RB,1.9,-17.07,-9.4,-0.1677,-0.0944,27.8,0,,
2013,14,00-0023541,Kyle Orton,QB,1.6,-19.76,-9.86,-0.1921,-0.0989,27.8,0,,
2013,14,00-0028825,Terrelle Pryor,WR,1.2,-17.43,-9.5,-0.171,-0.0953,27.8,0,,
2013,14,00-0028034,Alexander Green,RB,0.0,-18.97,-11.3,-0.185,-0.1129,27.8,0,,
2013,14,00-0027356,Marlon Moore,WR,0.0,-18.63,-10.7,-0.182,-0.1071,27.8,0,,
2013,14,00-0023459,Aaron Rodgers,QB,0.0,-21.36,-11.46,-0.2062,-0.1145,27.8,0,,
2013,14,00-0029660,Trevor Graham,WR,0.0,-18.63,-10.7,-0.182,-0.1071,27.8,0,,
2013,14,00-0030540,Aaron Dobson,WR,0.0,-18.63,-10.7,-0.182,-0.1071,27.8,0,,
2013,14,00-0027155,Rashad Jennings,RB,0.0,-18.97,-11.3,-0.185,-0.1129,27.8,0,,
2013,14,00-0026188,Frederick Davis,TE,0.0,-18.85,-11.1,-0.1839,-0.111,27.8,0,,
2013,14,00-0029205,Travaris Cadet,RB,0.0,-18.97,-11.3,-0.185,-0.1129,27.8,0,,
2013,14,00-0030216,Joshua Hill,TE,0.0,-18.85,-11.1,-0.1839,-0.111,27.8,0,,
2013,14,00-0024408,Bruce Gradkowski,QB,0.0,-21.36,-11.46,-0.2062,-0.1145,27.8,0,,
2013,14,00-0027006,Kenneth Britt,WR,0.0,-18.63,-10.7,-0.182,-0.1071,27.8,0,,
2013,14,00-0028595,Scott Tolzien,QB,0.0,-21.36,-11.46,-0.2062,-0.1145,27.8,0,,
2013,14,00-0029183,Daniel Noble,TE,0.0,-18.85,-11.1,-0.1839,-0.111,27.8,0,,
2013,14,00-0021231,David Garrard,QB,0.0,-21.36,-11.46,-0.2062,-0.1145,27.8,0,,
2013,14,00-0030151,Tyler Bray,QB,0.0,-21.36,-11.46,-0.2062,-0.1145,27.8,0,,
2013,14,00-0027758,Riley Cooper,WR,12.4,-6.23,1.7,-0.0629,0.0172,27.8,1,,
2013,14,00-0021206,Joshua McCown,QB,39.52,18.16,28.06,0.1777,0.262,27.8,1,,
2013,14,00-0030287,Andre Ellington,RB,14.3,-4.67,3.0,-0.0472,0.0304,27.8,1,,
2013,14,00-0030456,Giovani Bernard,RB,18.8,-0.17,7.5,-0.0017,0.0755,27.8,1,,
2013,14,00-0027974,Colin Kaepernick,QB,12.1,-9.26,0.64,-0.0929,0.0065,27.8,1,,
2013,14,00-0027753,Andrew Quarless,TE,21.6,2.75,10.5,0.0279,0.1051,27.8,1,,
2013,14,00-0029137,Alshon Jeffery,WR,18.7,0.07,8.0,0.0007,0.0805,27.8,1,,
2013,14,00-0024466,Marques Colston,WR,33.5,14.87,22.8,0.1471,0.2187,27.8,1,,
2013,14,00-0027690,Eric Decker,WR,25.7,7.07,15.0,0.0712,0.1484,27.8,1,,
2013,14,00-0026267,Jacob Tamme,TE,10.7,-8.15,-0.4,-0.082,-0.0041,27.8,0,,
2013,14,00-0023465,Earl Miller,TE,10.1,-8.75,-1.0,-0.0879,-0.0101,27.8,0,,
2013,14,00-0022736,Steven Jackson,RB,9.1,-9.87,-2.2,-0.099,-0.0223,27.8,0,,
2013,14,00-0028083,Jacquizz Rodgers,RB,7.6,-11.37,-3.7,-0.1136,-0.0374,27.8,0,,
2013,14,00-0030549,Tyler Eifert,TE,6.5,-12.35,-4.6,-0.1231,-0.0465,27.8,0,,
2013,14,00-0030282,Stepfan Taylor,RB,5.5,-13.47,-5.8,-0.1339,-0.0586,27.8,0,,
2013,14,00-0029155,William Brown,WR,4.6,-14.03,-6.1,-0.1392,-0.0616,27.8,0,,
2013,14,00-0028093,Niles Paul,TE,4.0,-14.85,-7.1,-0.147,-0.0716,27.8,0,,
2013,14,00-0022054,Visanthe Shiancoe,TE,3.2,-15.65,-7.9,-0.1545,-0.0795,27.8,0,,
2013,14,00-0029608,Eugene Hilton,WR,2.7,-15.93,-8.0,-0.1571,-0.0805,27.8,0,,
2013,14,00-0023630,Joel Dreessen,TE,2.3,-16.55,-8.8,-0.1629,-0.0884,27.8,0,,
2013,14,00-0029878,MarQueis Gray,TE,1.8,-17.05,-9.3,-0.1675,-0.0934,27.8,0,,
2013,14,00-0029791,Ronnie Wingo,RB,1.6,-17.37,-9.7,-0.1704,-0.0973,27.8,0,,
2013,14,00-0029298,Cyrus Gray,RB,0.8,-18.17,-10.5,-0.1778,-0.1051,27.8,0,,
2013,14,00-0029319,Joshua Bellamy,WR,0.0,-18.63,-10.7,-0.182,-0.1071,27.8,0,,
2013,14,00-0026932,Cedric Peerman,RB,0.0,-18.97,-11.3,-0.185,-0.1129,27.8,0,,
2013,14,00-0029234,Kellen Moore,QB,0.0,-21.36,-11.46,-0.2062,-0.1145,27.8,0,,
2013,14,00-0028542,Lestar Jean,WR,0.0,-18.63,-10.7,-0.182,-0.1071,27.8,0,,
2013,14,00-0029848,Nick Williams,WR,0.0,-18.63,-10.7,-0.182,-0.1071,27.8,0,,
2013,14,00-0028795,Chase Reynolds,RB,0.0,-18.97,-11.3,-0.185,-0.1129,27.8,0,,
2013,14,00-0028838,Larry Donnell,TE,0.0,-18.85,-11.1,-0.1839,-0.111,27.8,0,,
2013,14,00-0024324,Jason Avant,WR,0.0,-18.63,-10.7,-0.182,-0.1071,27.8,0,,
2013,14,00-0028086,Denarius Moore,WR,0.0,-18.63,-10.7,-0.182,-0.1071,27.8,0,,
2013,14,00-0029854,Cortrelle Anderson,RB,0.0,-18.97,-11.3,-0.185,-0.1129,27.8,0,,
2013,14,00-0030091,Tavarres King,WR,0.0,-18.63,-10.7,-0.182,-0.1071,27.8,0,,
2013,14,00-0028073,Richard Stanzi,QB,0.0,-21.36,-11.46,-0.2062,-0.1145,27.8,0,,
2013,14,00-0029587,Rhett Ellison,TE,0.0,-18.85,-11.1,-0.1839,-0.111,27.8,0,,
2013,14,00-0027732,Michael Hoomanawanui,TE,0.0,-18.85,-11.1,-0.1839,-0.111,27.8,0,,
2013,14,00-0030150,Matthew Tucker,RB,0.0,-18.97,-11.3,-0.185,-0.1129,27.8,0,,
2013,14,00-0024243,Marcedes Lewis,TE,13.2,-5.65,2.1,-0.057,0.0213,27.8,1,,
2013,14,00-0022942,Philip Rivers,QB,19.96,-1.4,8.5,-0.0141,0.0855,27.8,1,,
2013,14,00-0029384,Bobby Rainey,RB,21.3,2.33,10.0,0.0236,0.1003,27.8,1,,
2013,14,00-0027994,Shane Vereen,RB,34.2,15.23,22.9,0.1506,0.2196,27.8,1,,
2013,14,00-0021429,Carson Palmer,QB,14.66,-6.7,3.2,-0.0675,0.0324,27.8,1,,
2013,14,00-0027718,Garrett Graham,TE,25.3,6.45,14.2,0.0651,0.1408,27.8,1,,
2013,14,00-0027874,Demaryius Thomas,WR,21.8,3.17,11.1,0.0321,0.111,27.8,1,,
2013,14,00-0030521,Justin Hunter,WR,21.4,2.77,10.7,0.028,0.1071,27.8,1,,
2013,14,00-0027077,Brian Hartline,WR,16.1,-2.53,5.4,-0.0256,0.0545,27.8,1,,
2013,14,00-0028116,Aldrick Robinson,WR,10.7,-7.93,0.0,-0.0798,0.0,27.8,0,,
2013,14,00-0026163,Rashard Mendenhall,RB,10.1,-8.87,-1.2,-0.0891,-0.0122,27.8,0,,
2013,14,00-0023564,Darren Sproles,RB,9.1,-9.87,-2.2,-0.099,-0.0223,27.8,0,,
2013,14,00-0030532,Stedman Bailey,WR,7.6,-11.03,-3.1,-0.1103,-0.0314,27.8,0,,
2013,14,00-0027140,Christopher Ogbonnaya,RB,6.4,-12.57,-4.9,-0.1252,-0.0495,27.8,0,,
2013,14,00-0025516,William Chandler,TE,5.4,-13.45,-5.7,-0.1337,-0.0576,27.8,0,,
2013,14,00-0029795,Benjamin Cunningham,RB,4.5,-14.47,-6.8,-0.1434,-0.0686,27.8,0,,
2013,14,00-0023921,Miles Austin,WR,3.9,-14.73,-6.8,-0.1459,-0.0686,27.8,0,,
2013,14,00-0029141,Alfred Morris,RB,3.1,-15.87,-8.2,-0.1565,-0.0825,27.8,0,,
2013,14,00-0029264,Bernard Pierce,RB,2.7,-16.27,-8.6,-0.1603,-0.0865,27.8,0,,
2013,14,00-0030526,Erik Manuel,QB,2.26,-19.1,-9.2,-0.1862,-0.0924,27.8,0,,
2013,14,00-0027691,Andre Roberts,WR,1.8,-16.83,-8.9,-0.1655,-0.0894,27.8,0,,
2013,14,00-0030274,Myles White,WR,1.5,-17.13,-9.2,-0.1683,-0.0924,27.8,0,,
2013,14,00-0027786,Jonathan Dwyer,RB,0.8,-18.17,-10.5,-0.1778,-0.1051,27.8,0,,
2013,14,00-0028442,Ricardo Lockette,WR,0.0,-18.63,-10.7,-0.182,-0.1071,27.8,0,,
2013,14,00-0029151,Matthew Simms,QB,0.0,-21.36,-11.46,-0.2062,-0.1145,27.8,0,,
2013,14,00-0024332,Leon Washington,RB,0.0,-18.97,-11.3,-0.185,-0.1129,27.8,0,,
2013,14,00-0030288,Michael Burkhead,RB,0.0,-18.97,-11.3,-0.185,-0.1129,27.8,0,,
2013,14,00-0026780,Kevin Ogletree,WR,0.0,-18.63,-10.7,-0.182,-0.1071,27.8,0,,
2013,14,00-0030394,Zac Dysert,QB,0.0,-21.36,-11.46,-0.2062,-0.1145,27.8,0,,
2013,14,00-0030460,Markus Wheaton,WR,0.0,-18.63,-10.7,-0.182,-0.1071,27.8,0,,
2013,14,00-0026237,Andre Caldwell,WR,0.0,-18.63,-10.7,-0.182,-0.1071,27.8,0,,
2013,14,00-0022864,Luke McCown,QB,0.0,-21.36,-11.46,-0.2062,-0.1145,27.8,0,,
2013,14,00-0028061,Tandon Doss,WR,0.0,-18.63,-10.7,-0.182,-0.1071,27.8,0,,
2013,14,00-0026266,Lavelle Hawkins,WR,0.0,-18.63,-10.7,-0.182,-0.1071,27.8,0,,
2013,14,00-0027948,Blaine Gabbert,QB,0.0,-21.36,-11.46,-0.2062,-0.1145,27.8,0,,
2013,14,00-0030443,Levine Toilolo,TE,0.0,-18.85,-11.1,-0.1839,-0.111,27.8,0,,
2013,14,00-0030024,Jeffrey Tuel,QB,0.0,-21.36,-11.46,-0.2062,-0.1145,27.8,0,,
2013,14,00-0026144,Darren McFadden,RB,0.0,-18.97,-11.3,-0.185,-0.1129,27.8,0,,
2013,14,00-0027531,Christopher Ivory,RB,12.6,-6.37,1.3,-0.0642,0.0132,27.8,1,,
2013,14,00-0029701,Ryan Tannehill,QB,22.6,1.24,11.14,0.0126,0.1114,27.8,1,,
2013,14,00-0026988,Knowshon Moreno,RB,22.9,3.93,11.6,0.0398,0.1159,27.8,1,,
2013,14,00-0028000,Daniel Thomas,RB,17.9,-1.07,6.6,-0.0108,0.0666,27.8,1,,
2013,14,00-0027939,Cameron Newton,QB,15.2,-6.16,3.74,-0.0621,0.0378,27.8,1,,
2013,14,00-0025418,Greg Olsen,TE,16.0,-2.85,4.9,-0.0288,0.0495,27.8,1,,
2013,14,00-0027942,Adriel Green,WR,19.2,0.57,8.5,0.0058,0.0855,27.8,1,,
2013,14,00-0027005,Hakeem Nicks,WR,18.5,-0.13,7.8,-0.0013,0.0785,27.8,1,,
2013,14,00-0027150,Julian Edelman,WR,20.4,1.77,9.7,0.0179,0.0973,27.8,1,,
2013,14,00-0022787,Matthew Schaub,QB,10.62,-10.74,-0.84,-0.1075,-0.0085,27.8,0,,
2013,14,00-0029000,Cole Beasley,WR,10.0,-8.63,-0.7,-0.0868,-0.0071,27.8,0,,
2013,14,00-0028007,Robert Housler,TE,8.7,-10.15,-2.4,-0.1017,-0.0243,27.8,0,,
2013,14,00-0030520,Michael Glennon,QB,7.6,-13.76,-3.86,-0.1366,-0.0391,27.8,0,,
2013,14,00-0030544,Gavin Escobar,TE,6.2,-12.65,-4.9,-0.126,-0.0495,27.8,0,,
2013,14,00-0029615,Lamar Miller,RB,5.3,-13.67,-6.0,-0.1358,-0.0606,27.8,0,,
2013,14,00-0023367,Nathaniel Washington,WR,4.4,-14.23,-6.3,-0.1411,-0.0636,27.8,0,,
2013,14,00-0026901,Burnell Wallace,WR,3.9,-14.73,-6.8,-0.1459,-0.0686,27.8,0,,
2013,14,00-0027996,James Smith,WR,3.1,-15.53,-7.6,-0.1534,-0.0765,27.8,0,,
2013,14,00-0025439,Brian Leonard,RB,2.6,-16.37,-8.7,-0.1612,-0.0874,27.8,0,,
2013,14,00-0030422,Dion Sims,TE,2.2,-16.65,-8.9,-0.1638,-0.0894,27.8,0,,
2013,14,00-0026173,Donnie Avery,WR,1.7,-16.93,-9.0,-0.1664,-0.0904,27.8,0,,
2013,14,00-0029580,Rishard Matthews,WR,1.5,-17.13,-9.2,-0.1683,-0.0924,27.8,0,,
2013,14,00-0026162,Felix Jones,RB,0.7,-18.27,-10.6,-0.1787,-0.1061,27.8,0,,
2013,14,00-0029441,Jeremy Stewart,RB,0.0,-18.97,-11.3,-0.185,-0.1129,27.8,0,,
2013,14,00-0026998,Percy Harvin,WR,0.0,-18.63,-10.7,-0.182,-0.1071,27.8,0,,
2013,14,00-0028613,Phillip Tanner,RB,0.0,-18.97,-11.3,-0.185,-0.1129,27.8,0,,
2013,14,00-0030128,Michael Cox,RB,0.0,-18.97,-11.3,-0.185,-0.1129,27.8,0,,
2013,14,00-0029275,Ladarius Green,TE,0.0,-18.85,-11.1,-0.1839,-0.111,27.8,0,,
2013,14,00-0029140,Christopher Rainey,RB,0.0,-18.97,-11.3,-0.185,-0.1129,27.8,0,,
2013,14,00-0027581,Oluseyi Ajirotutu,WR,0.0,-18.63,-10.7,-0.182,-0.1071,27.8,0,,
2013,14,00-0029108,Derek Moye,WR,0.0,-18.63,-10.7,-0.182,-0.1071,27.8,0,,
2013,14,00-0027772,Anthony Dixon,RB,0.0,-18.97,-11.3,-0.185,-0.1129,27.8,0,,
2013,14,00-0028606,Kerry Taylor,WR,0.0,-18.63,-10.7,-0.182,-0.1071,27.8,0,,
2013,14,00-0029414,Orson Charles,TE,0.0,-18.85,-11.1,-0.1839,-0.111,27.8,0,,
2013,14,00-0030272,Jacob Stoneburner,TE,0.0,-18.85,-11.1,-0.1839,-0.111,27.8,0,,
2013,14,00-0027775,Russell Smith,QB,0.0,-21.36,-11.46,-0.2062,-0.1145,27.8,0,,
2013,14,00-0030000,Kenbrell Thompkins,WR,0.0,-18.63,-10.7,-0.182,-0.1071,27.8,0,,
2013,14,00-0027950,Christian Ponder,QB,0.0,-21.36,-11.46,-0.2062,-0.1145,27.8,0,,
2013,14,00-0026281,Gary Barnidge,TE,13.9,-4.95,2.8,-0.05,0.0283,27.8,1,,
2013,14,00-0019596,Thomas Brady,QB,22.82,1.46,11.36,0.0148,0.1135,27.8,1,,
2013,14,00-0025860,BenJarvus Green-Ellis,RB,16.8,-2.17,5.5,-0.022,0.0556,27.8,1,,
2013,14,00-0027888,Tobinbo Gerhart,RB,12.9,-6.07,1.6,-0.0612,0.0162,27.8,1,,
2013,14,00-0029567,Nicholas Foles,QB,18.46,-2.9,7.0,-0.0293,0.0706,27.8,1,,
2013,14,00-0027135,Brandon Myers,TE,14.6,-4.25,3.5,-0.043,0.0354,27.8,1,,
2013,14,00-0023462,Sharod White,WR,15.4,-3.23,4.7,-0.0327,0.0475,27.8,1,,
2013,14,00-0022427,Wesley Welker,WR,17.1,-1.53,6.4,-0.0155,0.0646,27.8,1,,
2013,14,00-0030400,Marlon Brown,WR,22.2,3.57,11.5,0.0361,0.1149,27.8,1,,
2013,14,00-0029697,Jacoby Fleener,TE,10.6,-8.25,-0.5,-0.083,-0.0051,27.8,0,,
2013,14,00-0027675,Edward Dickson,TE,9.8,-9.05,-1.3,-0.0909,-0.0132,27.8,0,,
2013,14,00-0026345,Pierre Garcon,WR,8.7,-9.93,-2.0,-0.0996,-0.0203,27.8,0,,
2013,14,00-0027890,Benjamin Tate,RB,7.6,-11.37,-3.7,-0.1136,-0.0374,27.8,0,,
2013,14,00-0027656,Robert Gronkowski,TE,6.2,-12.65,-4.9,-0.126,-0.0495,27.8,0,,
2013,14,00-0029731,Foswhitt Whittaker,RB,5.3,-13.67,-6.0,-0.1358,-0.0606,27.8,0,,
2013,14,00-0026983,Darrius Heyward-Bey,WR,4.3,-14.33,-6.4,-0.1421,-0.0646,27.8,0,,
2013,14,00-0029429,Bryce Brown,RB,3.9,-15.07,-7.4,-0.149,-0.0745,27.8,0,,
2013,14,00-0029614,Christopher Givens,WR,3.1,-15.53,-7.6,-0.1534,-0.0765,27.8,0,,
2013,14,00-0028270,Weslye Saunders,TE,2.6,-16.25,-8.5,-0.1601,-0.0855,27.8,0,,
2013,14,00-0028097,Joseph Smith,TE,2.2,-16.65,-8.9,-0.1638,-0.0894,27.8,0,,
2013,14,00-0028043,Roy Helu,RB,1.7,-17.27,-9.6,-0.1695,-0.0963,27.8,0,,
2013,14,00-0027092,Austin Collie,WR,1.4,-17.23,-9.3,-0.1692,-0.0934,27.8,0,,
2013,14,00-0030348,Khiry Robinson,RB,0.6,-18.37,-10.7,-0.1796,-0.1071,27.8,0,,
2013,14,00-0027089,Louis Murphy,WR,0.0,-18.63,-10.7,-0.182,-0.1071,27.8,0,,
2013,14,00-0024226,Jay Cutler,QB,0.0,-21.36,-11.46,-0.2062,-0.1145,27.8,0,,
2013,14,00-0030512,Nicholas Kasa,TE,0.0,-18.85,-11.1,-0.1839,-0.111,27.8,0,,
2013,14,00-0030586,Ryan Nassib,QB,0.0,-21.36,-11.46,-0.2062,-0.1145,27.8,0,,
2013,14,00-0029857,Ryan Griffin,QB,0.0,-21.36,-11.46,-0.2062,-0.1145,27.8,0,,
2013,14,00-0030068,Marquise Goodwin,WR,0.0,-18.63,-10.7,-0.182,-0.1071,27.8,0,,
2013,14,00-0029572,Jarius Wright,WR,0.0,-18.63,-10.7,-0.182,-0.1071,27.8,0,,
2013,14,00-0030450,Quinton Patton,WR,0.0,-18.63,-10.7,-0.182,-0.1071,27.8,0,,
2013,14,00-0027202,Michael Palmer,TE,0.0,-18.85,-11.1,-0.1839,-0.111,27.8,0,,
2013,14,00-0026293,Matthew Slater,WR,0.0,-18.63,-10.7,-0.182,-0.1071,27.8,0,,
2013,14,00-0026579,Kahlil Bell,RB,0.0,-18.97,-11.3,-0.185,-0.1129,27.8,0,,
2013,14,00-0027109,James Casey,TE,0.0,-18.85,-11.1,-0.1839,-0.111,27.8,0,,
2013,14,00-0027156,Tiquan Underwood,WR,0.0,-18.63,-10.7,-0.182,-0.1071,27.8,0,,
2013,14,00-0029239,Brandon Bolden,RB,0.0,-18.97,-11.3,-0.185,-0.1129,27.8,0,,
2013,14,00-0022847,Benjamin Hartsock,TE,0.0,-18.85,-11.1,-0.1839,-0.111,27.8,0,,
